3.490000000000000000e+10 9.337517600000001141e-16
3.500000000000000000e+10 8.915258100000000773e-16
3.510000000000000000e+10 2.733081800000000297e-15
3.520000000000000000e+10 9.645654900000000359e-16
3.530000000000000000e+10 3.699131600000000027e-16
3.540000000000000000e+10 6.124798800000000659e-16
3.550000000000000000e+10 4.654993400000000901e-16
3.560000000000000000e+10 4.398972500000000110e-16
3.570000000000000000e+10 5.570928900000000183e-16
3.580000000000000000e+10 8.744858400000000948e-16
3.590000000000000000e+10 1.716161700000000152e-15
3.600000000000000000e+10 1.133167999999999997e-15
3.610000000000000000e+10 2.269904500000000043e-15
3.620000000000000000e+10 1.264284000000000173e-15
3.630000000000000000e+10 2.031214100000000175e-15
3.640000000000000000e+10 7.753632800000000415e-16
3.650000000000000000e+10 1.754586300000000054e-15
3.660000000000000000e+10 1.808165200000000030e-15
3.670000000000000000e+10 1.520310200000000207e-15
3.680000000000000000e+10 2.231647700000000301e-15
3.690000000000000000e+10 1.344896200000000115e-15
3.700000000000000000e+10 2.312337300000000112e-15
3.710000000000000000e+10 2.304300700000000261e-15
3.720000000000000000e+10 5.254018000000000486e-15
3.730000000000000000e+10 3.617464100000000263e-15
3.740000000000000000e+10 9.781948199999999856e-15
3.750000000000000000e+10 7.956526100000000639e-15
3.760000000000000000e+10 1.987712300000000009e-14
3.770000000000000000e+10 1.832348500000000157e-14
3.780000000000000000e+10 4.525412699999999817e-14
3.790000000000000000e+10 5.279158200000000697e-14
3.800000000000000000e+10 1.078589200000000120e-13
3.810000000000000000e+10 1.232945499999999989e-13
3.820000000000000000e+10 2.470594300000000238e-13
3.830000000000000000e+10 4.033300300000000668e-13
3.840000000000000000e+10 6.524388099999999944e-13
3.850000000000000000e+10 1.251589500000000036e-12
3.860000000000000000e+10 1.343855400000000062e-12
3.870000000000000000e+10 3.465460600000000001e-12
3.880000000000000000e+10 2.822429800000000006e-12
3.890000000000000000e+10 8.921834800000000915e-12
3.900000000000000000e+10 7.014969100000000234e-12
3.910000000000000000e+10 1.897411500000000068e-11
3.920000000000000000e+10 2.186910600000000203e-11
3.930000000000000000e+10 4.283393200000000381e-11
3.940000000000000000e+10 9.876502300000000128e-11
3.950000000000000000e+10 1.011061699999999995e-10
3.960000000000000000e+10 2.030306300000000105e-10
3.970000000000000000e+10 1.274644200000000103e-10
3.980000000000000000e+10 1.764041700000000222e-10
3.990000000000000000e+10 1.168212000000000112e-10
4.000000000000000000e+10 9.790705399999999355e-11
4.010000000000000000e+10 1.091693800000000003e-10
4.020000000000000000e+10 5.777153800000000049e-11
4.030000000000000000e+10 7.495823999999999747e-11
4.040000000000000000e+10 4.445181399999999927e-11
4.050000000000000000e+10 4.582944700000000228e-11
4.060000000000000000e+10 5.909969700000000745e-11
4.070000000000000000e+10 3.022214499999999754e-11
4.080000000000000000e+10 5.484777300000000361e-11
4.090000000000000000e+10 2.665998200000000081e-11
4.100000000000000000e+10 3.356861600000000253e-11
4.110000000000000000e+10 4.582269000000000495e-11
4.120000000000000000e+10 2.649839600000000361e-11
4.130000000000000000e+10 4.912271200000000238e-11
4.140000000000000000e+10 3.693387500000000291e-11
4.150000000000000000e+10 3.322825699999999991e-11
4.160000000000000000e+10 7.712443099999999328e-11
4.170000000000000000e+10 3.628762499999999726e-11
4.180000000000000000e+10 6.529352000000000429e-11
4.190000000000000000e+10 8.108163499999999977e-11
4.200000000000000000e+10 5.530323500000000533e-11
4.210000000000000000e+10 1.307336600000000163e-10
4.220000000000000000e+10 1.069821200000000107e-10
4.230000000000000000e+10 1.012555000000000077e-10
4.240000000000000000e+10 2.585331200000000284e-10
4.250000000000000000e+10 1.571394900000000155e-10
4.260000000000000000e+10 1.977288899999999911e-10
4.270000000000000000e+10 3.170072299999999899e-10
4.280000000000000000e+10 2.038686000000000346e-10
4.290000000000000000e+10 2.217302400000000025e-10
4.300000000000000000e+10 2.063834500000000035e-10
4.310000000000000000e+10 1.194562800000000178e-10
4.320000000000000000e+10 1.414251599999999943e-10
4.330000000000000000e+10 1.284455299999999979e-10
4.340000000000000000e+10 7.649133000000000421e-11
4.350000000000000000e+10 8.500308900000000977e-11
4.360000000000000000e+10 8.733108900000001197e-11
4.370000000000000000e+10 6.195768600000000690e-11
4.380000000000000000e+10 9.890002900000001255e-11
4.390000000000000000e+10 8.967502200000000288e-11
4.400000000000000000e+10 6.639270300000000579e-11
4.410000000000000000e+10 9.328441400000000185e-11
4.420000000000000000e+10 9.944783500000000041e-11
4.430000000000000000e+10 8.074632600000000427e-11
4.440000000000000000e+10 1.243314099999999984e-10
4.450000000000000000e+10 1.471903000000000030e-10
4.460000000000000000e+10 8.574040400000000641e-11
4.470000000000000000e+10 1.162798300000000034e-10
4.480000000000000000e+10 1.478807100000000197e-10
4.490000000000000000e+10 1.117716900000000116e-10
4.500000000000000000e+10 1.389924999999999985e-10
4.510000000000000000e+10 1.727523700000000090e-10
4.520000000000000000e+10 1.186315600000000039e-10
4.530000000000000000e+10 1.368474799999999907e-10
4.540000000000000000e+10 2.332686800000000258e-10
4.550000000000000000e+10 1.678169900000000026e-10
4.560000000000000000e+10 1.560953899999999973e-10
4.570000000000000000e+10 2.175507600000000132e-10
4.580000000000000000e+10 1.831586500000000259e-10
4.590000000000000000e+10 1.333339600000000047e-10
4.600000000000000000e+10 1.576522400000000197e-10
4.610000000000000000e+10 1.574487199999999943e-10
4.620000000000000000e+10 1.025327300000000059e-10
4.630000000000000000e+10 1.115831100000000027e-10
4.640000000000000000e+10 1.273885300000000035e-10
4.650000000000000000e+10 8.450587900000000648e-11
4.660000000000000000e+10 6.625546900000000084e-11
4.670000000000000000e+10 9.421530200000000098e-11
4.680000000000000000e+10 8.317243200000000363e-11
4.690000000000000000e+10 5.949450000000000584e-11
4.700000000000000000e+10 6.590606700000000604e-11
4.710000000000000000e+10 8.792649600000000679e-11
4.720000000000000000e+10 5.510048100000000209e-11
4.730000000000000000e+10 5.203520900000000222e-11
4.740000000000000000e+10 8.563223400000000284e-11
4.750000000000000000e+10 7.195197900000000602e-11
4.760000000000000000e+10 4.989563600000000459e-11
4.770000000000000000e+10 6.154816199999999565e-11
4.780000000000000000e+10 8.730792500000000433e-11
4.790000000000000000e+10 5.233720700000000039e-11
4.800000000000000000e+10 4.376101799999999891e-11
4.810000000000000000e+10 6.861466800000000257e-11
4.820000000000000000e+10 7.291996100000001493e-11
4.830000000000000000e+10 4.632311000000000657e-11
4.840000000000000000e+10 4.455383999999999749e-11
4.850000000000000000e+10 7.271482500000000020e-11
4.860000000000000000e+10 4.770024099999999767e-11
4.870000000000000000e+10 3.078389700000000324e-11
4.880000000000000000e+10 3.449066700000000563e-11
4.890000000000000000e+10 5.109707700000000252e-11
4.900000000000000000e+10 2.674923400000000182e-11
4.910000000000000000e+10 1.811708500000000186e-11
4.920000000000000000e+10 2.700472199999999920e-11
4.930000000000000000e+10 3.337464300000000178e-11
4.940000000000000000e+10 1.475804800000000017e-11
4.950000000000000000e+10 1.154182500000000146e-11
4.960000000000000000e+10 1.848887399999999843e-11
4.970000000000000000e+10 1.621847300000000058e-11
4.980000000000000000e+10 7.729069800000001402e-12
4.990000000000000000e+10 5.216505400000000529e-12
