2.120000000000000000e+10 3.138957400000000104e-16
2.130000000000000000e+10 5.590839900000000754e-16
2.140000000000000000e+10 1.153528500000000103e-15
2.150000000000000000e+10 1.315634200000000074e-15
2.160000000000000000e+10 1.822735800000000078e-15
2.170000000000000000e+10 2.707535300000000267e-15
2.180000000000000000e+10 3.858015000000000430e-15
2.190000000000000000e+10 5.194757800000000423e-15
2.200000000000000000e+10 5.546000399999999722e-15
2.210000000000000000e+10 1.057103100000000152e-14
2.220000000000000000e+10 1.532186400000000327e-14
2.230000000000000000e+10 3.107960100000000731e-14
2.240000000000000000e+10 2.355814900000000138e-14
2.250000000000000000e+10 5.328712500000000580e-14
2.260000000000000000e+10 8.385832000000000774e-14
2.270000000000000000e+10 1.496707900000000293e-13
2.280000000000000000e+10 2.664936700000000167e-13
2.290000000000000000e+10 3.249479200000000148e-13
2.300000000000000000e+10 3.638984500000000588e-13
2.310000000000000000e+10 5.466455100000001124e-13
2.320000000000000000e+10 5.219979300000000543e-13
2.330000000000000000e+10 7.077754700000000095e-13
2.340000000000000000e+10 1.618264200000000014e-12
2.350000000000000000e+10 1.712434200000000006e-12
2.360000000000000000e+10 2.539171000000000147e-12
2.370000000000000000e+10 5.870234700000000410e-12
2.380000000000000000e+10 1.004109000000000079e-11
2.390000000000000000e+10 1.051507000000000035e-11
2.400000000000000000e+10 2.734352300000000395e-11
2.410000000000000000e+10 2.876489299999999994e-11
2.420000000000000000e+10 3.407618600000000216e-11
2.430000000000000000e+10 3.193065600000000373e-11
2.440000000000000000e+10 2.816215700000000072e-11
2.450000000000000000e+10 3.640370400000000399e-11
2.460000000000000000e+10 5.338653000000000274e-11
2.470000000000000000e+10 6.539838600000000051e-11
2.480000000000000000e+10 8.194068000000000825e-11
2.490000000000000000e+10 9.026293900000000376e-11
2.500000000000000000e+10 8.361921999999999355e-11
2.510000000000000000e+10 6.636645800000000967e-11
2.520000000000000000e+10 7.106615500000001628e-11
2.530000000000000000e+10 7.309111800000000214e-11
2.540000000000000000e+10 7.546918000000000377e-11
2.550000000000000000e+10 8.279797900000000403e-11
2.560000000000000000e+10 1.095509300000000060e-10
2.570000000000000000e+10 1.154149200000000149e-10
2.580000000000000000e+10 9.933837500000001473e-11
2.590000000000000000e+10 9.973915600000000020e-11
2.600000000000000000e+10 1.104963600000000116e-10
2.610000000000000000e+10 1.085248199999999944e-10
2.620000000000000000e+10 9.584811600000000833e-11
2.630000000000000000e+10 1.017405000000000066e-10
2.640000000000000000e+10 9.378884800000000063e-11
2.650000000000000000e+10 1.004466700000000030e-10
2.660000000000000000e+10 1.316982300000000201e-10
2.670000000000000000e+10 1.389355900000000138e-10
2.680000000000000000e+10 1.435293099999999968e-10
2.690000000000000000e+10 2.265602200000000146e-10
2.700000000000000000e+10 2.641527300000000253e-10
2.710000000000000000e+10 2.375752600000000509e-10
2.720000000000000000e+10 3.155727600000000186e-10
2.730000000000000000e+10 3.605269400000000636e-10
2.740000000000000000e+10 2.760906800000000047e-10
2.750000000000000000e+10 3.211077500000000485e-10
2.760000000000000000e+10 3.286927800000000582e-10
2.770000000000000000e+10 2.375588400000000072e-10
2.780000000000000000e+10 2.553233800000000159e-10
2.790000000000000000e+10 2.100868800000000294e-10
2.800000000000000000e+10 1.764150300000000099e-10
2.810000000000000000e+10 1.976208400000000051e-10
2.820000000000000000e+10 1.215284900000000130e-10
2.830000000000000000e+10 1.249927700000000088e-10
2.840000000000000000e+10 1.009893200000000001e-10
2.850000000000000000e+10 7.412476300000000142e-11
2.860000000000000000e+10 8.218331199999999340e-11
2.870000000000000000e+10 5.292446800000000386e-11
2.880000000000000000e+10 6.367322000000000886e-11
2.890000000000000000e+10 4.274377900000000291e-11
2.900000000000000000e+10 5.616217600000000547e-11
2.910000000000000000e+10 5.290516300000000084e-11
2.920000000000000000e+10 5.875757000000000527e-11
2.930000000000000000e+10 6.834017200000001529e-11
2.940000000000000000e+10 6.635102499999999939e-11
2.950000000000000000e+10 9.561413900000001109e-11
2.960000000000000000e+10 8.355209900000001456e-11
2.970000000000000000e+10 1.032129299999999965e-10
2.980000000000000000e+10 8.904391900000000397e-11
2.990000000000000000e+10 1.076645100000000117e-10
3.000000000000000000e+10 9.208536500000000826e-11
3.010000000000000000e+10 1.145674100000000025e-10
3.020000000000000000e+10 8.971343000000000863e-11
3.030000000000000000e+10 1.180181599999999944e-10
3.040000000000000000e+10 9.948125300000000781e-11
3.050000000000000000e+10 1.134229300000000186e-10
3.060000000000000000e+10 1.195395000000000037e-10
3.070000000000000000e+10 1.206750500000000154e-10
3.080000000000000000e+10 1.272049300000000001e-10
3.090000000000000000e+10 1.100452600000000141e-10
3.100000000000000000e+10 1.475211700000000145e-10
3.110000000000000000e+10 8.929588199999999245e-11
3.120000000000000000e+10 1.167183299999999910e-10
3.130000000000000000e+10 6.849141800000000509e-11
3.140000000000000000e+10 9.696840700000000675e-11
3.150000000000000000e+10 6.381414800000000073e-11
3.160000000000000000e+10 6.710081199999999663e-11
3.170000000000000000e+10 7.311196500000000996e-11
3.180000000000000000e+10 4.488587799999999822e-11
3.190000000000000000e+10 7.547697100000000991e-11
3.200000000000000000e+10 4.152028700000000653e-11
3.210000000000000000e+10 5.692580100000000344e-11
3.220000000000000381e+10 4.179568500000000398e-11
3.229999999999999619e+10 3.318456700000000173e-11
3.240000000000000000e+10 5.623681600000000807e-11
3.250000000000000000e+10 2.732603900000000200e-11
3.260000000000000000e+10 4.482556900000000307e-11
3.270000000000000381e+10 3.406242000000000421e-11
3.279999999999999619e+10 3.068303299999999726e-11
3.290000000000000000e+10 5.554787200000000405e-11
3.300000000000000000e+10 2.854971400000000062e-11
3.310000000000000000e+10 3.957713700000000223e-11
3.320000000000000381e+10 4.147908699999999818e-11
3.329999999999999619e+10 2.528675800000000004e-11
3.340000000000000000e+10 4.930848900000000231e-11
3.350000000000000000e+10 2.293847500000000218e-11
3.360000000000000000e+10 2.077821100000000277e-11
3.370000000000000381e+10 3.199104800000000156e-11
3.379999999999999619e+10 1.322627700000000035e-11
3.390000000000000000e+10 1.669640500000000351e-11
3.400000000000000000e+10 2.021595299999999901e-11
3.410000000000000000e+10 8.415065500000001449e-12
3.420000000000000381e+10 1.303475599999999980e-11
3.429999999999999619e+10 9.237434500000000729e-12
3.440000000000000000e+10 4.523967799999999698e-12
3.450000000000000000e+10 6.403580200000000583e-12
3.460000000000000000e+10 3.374661700000000256e-12
3.470000000000000000e+10 1.810590300000000236e-12
3.480000000000000000e+10 2.764495700000000127e-12
3.490000000000000000e+10 1.097508700000000093e-12
3.500000000000000000e+10 3.818151300000000390e-13
3.510000000000000000e+10 6.217444499999999781e-13
3.520000000000000000e+10 3.033627300000000329e-13
3.530000000000000000e+10 1.477557299999999922e-13
3.540000000000000000e+10 2.513866200000000301e-13
3.550000000000000000e+10 1.509057300000000091e-13
3.560000000000000000e+10 6.689393800000000360e-14
3.570000000000000000e+10 1.081276600000000070e-13
3.580000000000000000e+10 7.930278500000001013e-14
3.590000000000000000e+10 3.166053300000000592e-14
3.600000000000000000e+10 3.790042800000000000e-14
3.610000000000000000e+10 3.836452100000000026e-14
3.620000000000000000e+10 2.008282999999999979e-14
3.630000000000000000e+10 2.590117300000000220e-14
3.640000000000000000e+10 2.507106600000000443e-14
3.650000000000000000e+10 1.455302799999999931e-14
3.660000000000000000e+10 1.206497400000000016e-14
3.670000000000000000e+10 2.015257200000000201e-14
3.680000000000000000e+10 1.206174700000000055e-14
3.690000000000000000e+10 8.710192899999999911e-15
3.700000000000000000e+10 1.413727200000000069e-14
3.710000000000000000e+10 1.281933200000000121e-14
3.720000000000000000e+10 6.190929100000000755e-15
3.730000000000000000e+10 8.857668700000001242e-15
3.740000000000000000e+10 9.386413900000000295e-15
3.750000000000000000e+10 4.673875800000000097e-15
3.760000000000000000e+10 3.054419900000000453e-15
3.770000000000000000e+10 5.520009700000000386e-15
3.780000000000000000e+10 3.269324899999999949e-15
3.790000000000000000e+10 2.259282100000000314e-15
3.800000000000000000e+10 2.887423800000000390e-15
3.810000000000000000e+10 2.943541300000000261e-15
3.820000000000000000e+10 1.745953400000000079e-15
3.830000000000000000e+10 1.149162500000000063e-15
3.840000000000000000e+10 1.795573100000000336e-15
3.850000000000000000e+10 1.413060500000000038e-15
3.860000000000000000e+10 1.000150400000000018e-15
3.870000000000000000e+10 9.942776299999998908e-16
3.880000000000000000e+10 1.100954700000000014e-15
3.890000000000000000e+10 9.035492000000000054e-16
3.900000000000000000e+10 5.223319500000000920e-16
3.910000000000000000e+10 6.361800700000000027e-16
3.920000000000000000e+10 7.555514900000000478e-16
3.930000000000000000e+10 2.620917600000000134e-16
3.940000000000000000e+10 1.751244199999999919e-16
3.950000000000000000e+10 2.937180800000000185e-16
3.960000000000000000e+10 1.939785500000000131e-16
3.970000000000000000e+10 3.938306600000000235e-17
3.980000000000000000e+10 1.371472300000000101e-17
3.990000000000000000e+10 2.172295400000000155e-17
