5.740000000000000000e+10 8.126915800000000271e-12
5.750000000000000000e+10 9.637838600000001269e-12
5.760000000000000000e+10 1.114745100000000030e-11
5.770000000000000000e+10 1.330119000000000060e-11
5.780000000000000000e+10 1.477958600000000298e-11
5.790000000000000000e+10 1.771472600000000050e-11
5.800000000000000000e+10 1.673042700000000092e-11
5.810000000000000000e+10 1.814966300000000257e-11
5.820000000000000000e+10 1.922805700000000065e-11
5.830000000000000000e+10 2.046766699999999884e-11
5.840000000000000000e+10 1.980493500000000097e-11
5.850000000000000000e+10 1.655574300000000364e-11
5.860000000000000000e+10 1.827583100000000107e-11
5.870000000000000000e+10 1.445382800000000048e-11
5.880000000000000000e+10 1.197873699999999979e-11
5.890000000000000000e+10 1.237016700000000108e-11
5.900000000000000000e+10 1.122340300000000094e-11
5.910000000000000000e+10 1.242191200000000108e-11
5.920000000000000000e+10 1.388452200000000105e-11
5.930000000000000000e+10 1.301496700000000173e-11
5.940000000000000000e+10 1.157477900000000112e-11
5.950000000000000000e+10 1.255439500000000025e-11
5.960000000000000000e+10 1.152824300000000149e-11
5.970000000000000000e+10 9.490143200000001232e-12
5.980000000000000000e+10 9.824045900000000792e-12
5.990000000000000000e+10 8.478895199999999804e-12
6.000000000000000000e+10 6.502384500000000181e-12
6.010000000000000000e+10 5.928953400000000039e-12
6.020000000000000000e+10 5.501140800000000587e-12
6.030000000000000000e+10 4.915613000000000009e-12
6.040000000000000000e+10 4.435689100000000747e-12
6.050000000000000000e+10 4.291131800000000345e-12
6.060000000000000000e+10 4.792805699999999589e-12
6.070000000000000000e+10 4.943829000000000582e-12
6.080000000000000000e+10 4.618266700000000387e-12
6.090000000000000000e+10 4.812429800000000211e-12
6.100000000000000000e+10 5.393723900000000396e-12
6.110000000000000000e+10 6.070895000000000255e-12
6.120000000000000000e+10 7.273108100000000413e-12
6.130000000000000000e+10 8.812790399999999881e-12
6.140000000000000000e+10 1.105352200000000069e-11
6.150000000000000000e+10 1.518341200000000138e-11
6.160000000000000000e+10 2.174494500000000211e-11
6.170000000000000000e+10 2.675893999999999866e-11
6.180000000000000000e+10 3.210322499999999824e-11
6.190000000000000000e+10 3.823424700000000249e-11
6.200000000000000000e+10 4.308593899999999829e-11
6.210000000000000000e+10 4.995224000000000648e-11
6.220000000000000000e+10 5.968668300000000727e-11
6.230000000000000000e+10 6.556147700000001024e-11
6.240000000000000000e+10 6.779398499999999913e-11
6.250000000000000000e+10 6.563602100000000265e-11
6.260000000000000000e+10 6.129309100000000957e-11
6.270000000000000000e+10 5.533107900000000038e-11
6.280000000000000000e+10 5.297392600000000358e-11
6.290000000000000000e+10 5.273156600000000097e-11
6.300000000000000000e+10 5.329446899999999902e-11
6.310000000000000000e+10 5.342406200000000687e-11
6.320000000000000000e+10 5.510071800000000319e-11
6.330000000000000000e+10 5.760591500000000254e-11
6.340000000000000000e+10 5.694676800000000298e-11
6.350000000000000000e+10 5.517302700000000435e-11
6.360000000000000000e+10 5.353310200000000213e-11
6.370000000000000000e+10 5.149190600000000300e-11
6.380000000000000000e+10 4.802941100000000362e-11
6.390000000000000000e+10 4.530019700000000511e-11
6.400000000000000000e+10 4.816579900000000488e-11
6.409999999999999237e+10 5.026161200000000271e-11
6.420000000000000000e+10 5.013693200000000692e-11
6.430000000000000000e+10 5.130490200000000563e-11
6.440000000000000763e+10 5.310266999999999955e-11
6.450000000000000000e+10 5.467079800000000536e-11
6.459999999999999237e+10 5.256042300000000245e-11
6.470000000000000000e+10 4.945513499999999917e-11
6.480000000000000000e+10 5.066929000000000169e-11
6.490000000000000763e+10 5.189301400000000275e-11
6.500000000000000000e+10 5.218627000000000155e-11
6.509999999999999237e+10 5.041758300000000590e-11
6.520000000000000000e+10 4.882873500000000096e-11
6.530000000000000000e+10 4.939381100000000617e-11
6.540000000000000763e+10 4.963097200000000611e-11
6.550000000000000000e+10 4.907493600000000426e-11
6.559999999999999237e+10 4.775694000000000269e-11
6.570000000000000000e+10 4.664030900000000387e-11
6.580000000000000000e+10 4.752358200000000735e-11
6.590000000000000763e+10 4.808417500000000317e-11
6.600000000000000000e+10 4.622162400000000342e-11
6.609999999999999237e+10 4.287163599999999736e-11
6.620000000000000000e+10 3.957081800000000572e-11
6.630000000000000000e+10 3.828585200000000730e-11
6.640000000000000763e+10 3.820581300000000289e-11
6.650000000000000000e+10 3.713070900000000085e-11
6.659999999999999237e+10 3.635987400000000255e-11
6.670000000000000000e+10 3.585412900000000308e-11
6.680000000000000000e+10 3.599604599999999717e-11
6.690000000000000763e+10 3.793521100000000812e-11
6.700000000000000000e+10 3.826589200000000745e-11
6.709999999999999237e+10 3.683976000000000256e-11
6.720000000000000000e+10 3.607840999999999954e-11
6.730000000000000000e+10 3.803312400000000373e-11
6.740000000000000763e+10 4.201592600000000766e-11
6.750000000000000000e+10 4.427527199999999895e-11
6.759999999999999237e+10 4.368205900000000403e-11
6.770000000000000000e+10 4.392175600000000097e-11
6.780000000000000000e+10 4.246251100000000318e-11
6.790000000000000763e+10 3.891758400000000095e-11
6.800000000000000000e+10 3.798259100000000383e-11
6.809999999999999237e+10 3.572888600000000541e-11
6.820000000000000000e+10 3.455574299999999965e-11
6.830000000000000000e+10 3.398660200000000014e-11
6.840000000000000763e+10 3.254280100000000606e-11
6.850000000000000000e+10 3.483626099999999940e-11
6.859999999999999237e+10 3.749891000000000384e-11
6.870000000000000000e+10 3.927198099999999698e-11
6.880000000000000000e+10 4.084781299999999749e-11
6.890000000000000000e+10 4.105112300000000504e-11
6.900000000000000000e+10 3.951935499999999887e-11
6.910000000000000000e+10 3.746514699999999762e-11
6.920000000000000000e+10 3.627608100000000245e-11
6.930000000000000000e+10 3.765567500000000009e-11
6.940000000000000000e+10 4.177004600000000225e-11
6.950000000000000000e+10 4.723402900000000066e-11
6.960000000000000000e+10 5.051357000000000122e-11
6.970000000000000000e+10 5.044973199999999807e-11
6.980000000000000000e+10 4.932961899999999901e-11
6.990000000000000000e+10 4.830693000000000407e-11
7.000000000000000000e+10 4.835767500000000357e-11
7.010000000000000000e+10 5.250651900000000176e-11
7.020000000000000000e+10 5.933101200000000605e-11
7.030000000000000000e+10 6.445961899999999613e-11
7.040000000000000000e+10 6.706923200000001626e-11
7.050000000000000000e+10 6.966276600000000217e-11
7.060000000000000000e+10 6.302725500000001264e-11
7.070000000000000000e+10 5.796351600000000636e-11
7.080000000000000000e+10 6.481803400000000455e-11
7.090000000000000000e+10 7.705805800000000664e-11
7.100000000000000000e+10 8.210448700000000479e-11
7.110000000000000000e+10 8.151999499999999711e-11
7.120000000000000000e+10 7.719668100000000562e-11
7.130000000000000000e+10 6.955238200000000008e-11
7.140000000000000000e+10 6.421272399999999933e-11
7.150000000000000000e+10 6.885189900000000415e-11
7.160000000000000000e+10 7.929602400000000555e-11
7.170000000000000000e+10 8.614977799999999570e-11
7.180000000000000000e+10 8.035095300000001288e-11
7.190000000000000000e+10 7.173615299999999833e-11
7.200000000000000000e+10 6.955781799999999740e-11
7.210000000000000000e+10 7.266170199999999799e-11
7.220000000000000000e+10 7.891038699999999925e-11
7.230000000000000000e+10 7.689378700000001367e-11
7.240000000000000000e+10 6.564454200000000368e-11
7.250000000000000000e+10 6.037653900000000138e-11
7.260000000000000000e+10 6.534037400000001301e-11
7.270000000000000000e+10 7.485659399999999889e-11
7.280000000000000000e+10 7.841603399999999730e-11
7.290000000000000000e+10 7.567112800000001348e-11
7.300000000000000000e+10 6.549094400000000032e-11
7.310000000000000000e+10 6.411859200000000855e-11
7.320000000000000000e+10 7.462781100000000144e-11
7.330000000000000000e+10 8.382221600000001370e-11
7.340000000000000000e+10 7.573960000000000334e-11
7.350000000000000000e+10 6.510755999999999566e-11
7.360000000000000000e+10 6.926444500000000214e-11
7.370000000000000000e+10 8.129396899999999497e-11
7.380000000000000000e+10 7.940954000000000618e-11
7.390000000000000000e+10 6.608806000000000587e-11
7.400000000000000000e+10 6.254363899999999847e-11
7.410000000000000000e+10 6.883062800000001007e-11
7.420000000000000000e+10 7.701575300000000665e-11
7.430000000000000000e+10 7.217419199999999778e-11
7.440000000000000000e+10 6.175656799999999810e-11
7.450000000000000000e+10 6.051453100000000445e-11
7.460000000000000000e+10 6.742826700000000778e-11
7.470000000000000000e+10 6.561281600000000366e-11
7.480000000000000000e+10 5.269038600000000417e-11
7.490000000000000000e+10 4.897545900000000408e-11
7.500000000000000000e+10 5.955371200000000105e-11
7.510000000000000000e+10 6.663687999999999747e-11
7.520000000000000000e+10 5.503182000000000653e-11
7.530000000000000000e+10 4.758399200000000265e-11
7.540000000000000000e+10 5.122095800000000236e-11
7.550000000000000000e+10 6.175810400000000590e-11
7.560000000000000000e+10 5.867030200000000896e-11
7.570000000000000000e+10 4.825040100000000024e-11
7.580000000000000000e+10 4.874668100000000305e-11
7.590000000000000000e+10 5.845658499999999734e-11
7.600000000000000000e+10 5.210183800000000093e-11
7.610000000000000000e+10 3.990236700000000205e-11
7.620000000000000000e+10 4.254021899999999968e-11
7.630000000000000000e+10 5.288494800000000242e-11
7.640000000000000000e+10 4.151094100000000747e-11
7.650000000000000000e+10 3.265009400000000097e-11
7.660000000000000000e+10 3.679251500000000077e-11
7.670000000000000000e+10 4.464822200000000334e-11
7.680000000000000000e+10 3.769153900000000423e-11
7.690000000000000000e+10 3.234987100000000640e-11
7.700000000000000000e+10 3.710543899999999888e-11
7.710000000000000000e+10 4.015511599999999835e-11
7.720000000000000000e+10 3.158837200000000785e-11
7.730000000000000000e+10 2.760068200000000306e-11
7.740000000000000000e+10 3.126422900000000221e-11
7.750000000000000000e+10 3.120524300000000176e-11
7.760000000000000000e+10 2.701570700000000090e-11
7.770000000000000000e+10 2.766527400000000202e-11
7.780000000000000000e+10 3.269671100000000212e-11
7.790000000000000000e+10 3.229986299999999937e-11
7.800000000000000000e+10 2.588201200000000024e-11
7.810000000000000000e+10 2.804973300000000362e-11
7.820000000000000000e+10 3.384052600000000274e-11
7.830000000000000000e+10 2.894213100000000137e-11
7.840000000000000000e+10 2.991037700000000112e-11
7.850000000000000000e+10 3.559166400000000739e-11
7.860000000000000000e+10 3.742884800000000086e-11
7.870000000000000000e+10 3.431255100000000142e-11
7.880000000000000000e+10 3.693887900000000287e-11
7.890000000000000000e+10 4.033069599999999910e-11
7.900000000000000000e+10 3.271894600000000339e-11
7.910000000000000000e+10 3.435342999999999895e-11
7.920000000000000000e+10 5.268889999999999938e-11
7.930000000000000000e+10 4.314284000000000360e-11
7.940000000000000000e+10 2.948604400000000376e-11
7.950000000000000000e+10 3.516658200000000417e-11
7.960000000000000000e+10 3.595592300000000308e-11
7.970000000000000000e+10 2.477260700000000130e-11
7.980000000000000000e+10 2.405902100000000240e-11
7.990000000000000000e+10 3.245662800000000208e-11
8.000000000000000000e+10 2.898804600000000118e-11
8.010000000000000000e+10 2.345970600000000053e-11
8.020000000000000000e+10 2.516748300000000306e-11
8.030000000000000000e+10 2.029657799999999918e-11
8.040000000000000000e+10 1.292269200000000049e-11
8.050000000000000000e+10 1.179375300000000204e-11
8.060000000000000000e+10 1.873682299999999944e-11
8.070000000000000000e+10 1.501813499999999960e-11
8.080000000000000000e+10 8.634682100000001736e-12
8.090000000000000000e+10 9.701919700000000960e-12
8.100000000000000000e+10 9.445560699999999993e-12
8.110000000000000000e+10 8.065165900000000516e-12
8.120000000000000000e+10 1.272251900000000083e-11
8.130000000000000000e+10 1.737758700000000197e-11
8.140000000000000000e+10 8.829417599999999982e-12
8.150000000000000000e+10 6.834043899999999655e-12
8.160000000000000000e+10 3.761479700000000476e-12
8.170000000000000000e+10 5.528268799999999944e-12
8.180000000000000000e+10 1.446530200000000011e-11
8.190000000000000000e+10 4.630728199999999768e-12
8.200000000000000000e+10 3.664241099999999974e-12
8.210000000000000000e+10 4.771026900000000753e-12
8.220000000000000000e+10 4.777131200000000149e-12
8.230000000000000000e+10 5.858455300000000578e-12
8.240000000000000000e+10 6.815232200000000292e-12
