9.527615299999999365e+01 5.001138599999999795e-03
9.637128099999999620e+01 1.362847099999999964e-02
9.746640899999999874e+01 -9.625248600000000081e-04
9.856153700000000129e+01 5.030475099999999998e-03
9.965666500000000383e+01 5.245711899999999997e-03
1.007517899999999997e+02 -7.447020700000000180e-03
1.018469199999999972e+02 9.247797099999999909e-03
1.029420499999999947e+02 2.684792999999999989e-03
1.040371800000000064e+02 2.413403699999999968e-03
1.051323100000000039e+02 4.432453099999999861e-03
1.062274299999999982e+02 3.836259900000000157e-03
1.073225599999999957e+02 6.294972499999999978e-03
1.084176899999999932e+02 4.606620100000000106e-03
1.095128200000000049e+02 2.821374800000000030e-03
1.106079500000000024e+02 5.583203999999999815e-04
1.117030799999999999e+02 4.802455700000000417e-03
1.127981999999999942e+02 1.954342300000000074e-03
1.138933300000000060e+02 5.745415599999999581e-03
1.149884600000000034e+02 8.922296000000000675e-05
1.160835900000000009e+02 7.618397400000000196e-04
1.171787199999999984e+02 8.875128799999999762e-03
1.182738400000000070e+02 6.629894300000000427e-03
1.193689700000000045e+02 -6.720825500000000320e-04
1.204641000000000020e+02 1.080513299999999975e-02
1.215592299999999994e+02 7.971068700000000229e-03
1.226543599999999969e+02 9.334144600000000153e-03
1.237494899999999944e+02 4.587205999999999922e-03
1.248446100000000030e+02 6.718873400000000343e-03
1.259397400000000005e+02 -1.910087800000000039e-03
1.270348699999999980e+02 1.917711199999999963e-03
1.281299999999999955e+02 2.962527200000000024e-03
1.292251300000000072e+02 1.597884799999999992e-03
1.303202499999999873e+02 2.893119700000000225e-04
1.314153799999999990e+02 6.290172499999999861e-03
1.325105100000000107e+02 -1.681081700000000090e-03
1.336056399999999940e+02 6.699961499999999674e-03
1.347007700000000057e+02 1.605084099999999929e-03
1.357958999999999889e+02 2.717332900000000127e-03
1.368910199999999975e+02 4.342319199999999935e-03
1.379861500000000092e+02 4.346670099999999995e-03
1.390812799999999925e+02 -1.391889500000000057e-03
1.401764100000000042e+02 6.589542200000000384e-03
1.412715399999999875e+02 6.250736599999999997e-03
1.423666599999999960e+02 7.172025099999999875e-03
1.434617900000000077e+02 1.215256899999999935e-03
1.445569199999999910e+02 9.487683399999999496e-04
1.456520500000000027e+02 2.951472300000000009e-05
1.467471799999999860e+02 3.323639699999999999e-03
1.478423099999999977e+02 -1.276660499999999938e-05
1.489374300000000062e+02 7.328413699999999573e-03
1.500325599999999895e+02 2.791580200000000171e-03
1.511276900000000012e+02 4.763751999999999570e-03
1.522228200000000129e+02 4.249983899999999586e-03
1.533179499999999962e+02 2.162172300000000068e-03
1.544130800000000079e+02 1.067810300000000085e-03
1.555081999999999880e+02 3.975695999999999918e-03
1.566033299999999997e+02 3.825345500000000131e-03
1.576984600000000114e+02 3.395642700000000170e-03
1.587935899999999947e+02 1.092089199999999932e-03
1.598887200000000064e+02 4.222761200000000291e-03
1.609838399999999865e+02 4.073974000000000172e-04
1.620789699999999982e+02 4.146593300000000169e-03
1.631741000000000099e+02 1.421859599999999915e-03
1.642692299999999932e+02 1.832132700000000010e-03
1.653643600000000049e+02 1.107462800000000086e-03
1.664594899999999882e+02 8.461409599999999585e-04
1.675546099999999967e+02 1.112427000000000034e-03
1.686497400000000084e+02 5.697625999999999906e-03
1.697448699999999917e+02 3.364809800000000128e-03
1.708400000000000034e+02 2.574383500000000137e-03
1.719351299999999867e+02 3.567191099999999972e-03
1.730302499999999952e+02 7.387819900000000203e-03
1.741253800000000069e+02 -4.164546800000000146e-04
1.752205099999999902e+02 6.567449300000000045e-03
1.763156400000000019e+02 2.184278500000000171e-03
1.774107700000000136e+02 3.379262100000000098e-03
1.785058999999999969e+02 7.769572499999999717e-04
1.796010200000000054e+02 4.369314000000000010e-03
1.806961499999999887e+02 3.161580599999999977e-03
1.817912800000000004e+02 5.012010699999999708e-03
1.828864100000000121e+02 8.553902700000000402e-04
1.839815399999999954e+02 6.046389899999999977e-03
1.850766600000000039e+02 4.527285800000000089e-03
1.861717899999999872e+02 1.989201800000000089e-02
1.872669199999999989e+02 5.079537099999999888e-03
1.883620500000000106e+02 8.184296299999999427e-03
1.894571799999999939e+02 4.134817100000000301e-03
1.905523100000000056e+02 6.243919399999999821e-03
1.916474300000000142e+02 9.476866599999999577e-04
1.927425599999999974e+02 1.140375300000000085e-02
1.938376900000000091e+02 2.624922200000000087e-03
1.949328199999999924e+02 1.061488399999999978e-02
1.960279500000000041e+02 1.123712099999999922e-02
1.971230700000000127e+02 8.622434399999999444e-02
1.982181999999999960e+02 1.067576100000000028e-01
1.993133300000000077e+02 1.030756899999999976e-01
2.004084599999999909e+02 8.685231100000000148e-02
2.015035900000000026e+02 5.607300099999999732e-02
2.025987199999999859e+02 2.765186299999999875e-02
2.036938399999999945e+02 4.267680900000000305e-02
2.047889700000000062e+02 3.208654600000000051e-02
2.058840999999999894e+02 7.216056699999999491e-02
2.069792300000000012e+02 1.561623699999999948e-01
2.080743600000000129e+02 6.920604299999999487e-01
2.091694799999999930e+02 9.466029700000000435e-01
2.102646100000000047e+02 4.916622399999999726e-01
2.113597399999999880e+02 4.772502900000000214e-01
2.124548699999999997e+02 4.453016000000000196e-01
2.135500000000000114e+02 2.994988499999999831e-01
2.146451299999999947e+02 4.145615799999999851e-01
2.157402500000000032e+02 7.666078699999999690e-01
2.168353799999999865e+02 6.019600899999999477e-01
2.179305099999999982e+02 5.689469799999999911e-01
2.190256400000000099e+02 7.497692599999999929e-01
2.201207699999999932e+02 5.519606299999999521e-01
2.212158900000000017e+02 5.987083899999999792e-01
2.223110200000000134e+02 9.943364300000000489e-01
2.234061499999999967e+02 8.182374700000000223e-01
2.245012800000000084e+02 7.283275500000000457e-01
2.255964099999999917e+02 1.000000000000000000e+00
2.266915400000000034e+02 9.206145399999999812e-01
2.277866600000000119e+02 8.674376299999999596e-01
2.288817899999999952e+02 8.690518799999999988e-01
2.299769200000000069e+02 4.868218000000000267e-01
2.310720499999999902e+02 1.742214599999999947e-01
2.321671800000000019e+02 7.208726000000000023e-02
2.332623000000000104e+02 4.463777399999999812e-02
2.343574299999999937e+02 3.828016800000000330e-02
2.354525600000000054e+02 6.656754600000000521e-02
2.365476899999999887e+02 1.686947099999999977e-01
2.376428200000000004e+02 1.196717999999999948e-01
2.387379500000000121e+02 7.225988699999999487e-02
2.398330699999999922e+02 3.949590099999999993e-02
2.409282000000000039e+02 1.431857599999999953e-02
2.420233299999999872e+02 5.617091099999999872e-03
2.431184599999999989e+02 5.136874399999999527e-04
2.442135900000000106e+02 3.856168099999999913e-04
2.453087199999999939e+02 -2.156904700000000091e-03
2.464038400000000024e+02 4.266237999999999861e-05
2.474989700000000141e+02 5.989929200000000242e-04
2.485940999999999974e+02 4.490936600000000264e-03
2.496892300000000091e+02 7.467792600000000211e-03
2.507843599999999924e+02 5.957766100000000224e-03
