1.204641000000000020e+02 5.102957699999999784e-03
1.215592299999999994e+02 -3.210907000000000344e-02
1.226543599999999969e+02 3.535792700000000080e-03
1.237494899999999944e+02 -1.397902699999999977e-02
1.248446100000000030e+02 1.495944800000000019e-02
1.259397400000000005e+02 -1.652371399999999838e-02
1.270348699999999980e+02 1.326334600000000086e-01
1.281299999999999955e+02 1.549384000000000039e-01
1.292251300000000072e+02 9.990615999999999386e-02
1.303202499999999873e+02 3.269413899999999706e-02
1.314153799999999990e+02 3.296487299999999870e-02
1.325105100000000107e+02 7.313946299999999658e-03
1.336056399999999940e+02 3.956456199999999757e-02
1.347007700000000057e+02 6.322186300000000314e-02
1.357958999999999889e+02 5.995862100000000083e-01
1.368910199999999975e+02 9.718419900000000444e-01
1.379861500000000092e+02 6.234620300000000004e-01
1.390812799999999925e+02 7.652075499999999586e-01
1.401764100000000042e+02 3.693140799999999890e-01
1.412715399999999875e+02 2.922552400000000272e-01
1.423666599999999960e+02 3.886729700000000065e-01
1.434617900000000077e+02 6.953012299999999923e-01
1.445569199999999910e+02 9.045926100000000192e-01
1.456520500000000027e+02 1.000000000000000000e+00
1.467471799999999860e+02 8.787597299999999612e-01
1.478423099999999977e+02 9.215705199999999486e-01
1.489374300000000062e+02 9.413432900000000547e-01
1.500325599999999895e+02 9.053715500000000249e-01
1.511276900000000012e+02 9.023446800000000101e-01
1.522228200000000129e+02 7.640016800000000163e-01
1.533179499999999962e+02 3.921938600000000053e-01
1.544130800000000079e+02 3.629825199999999752e-01
1.555081999999999880e+02 5.566168299999999514e-01
1.566033299999999997e+02 6.935957400000000161e-01
1.576984600000000114e+02 5.617987599999999526e-01
1.587935899999999947e+02 5.130464399999999925e-01
1.598887200000000064e+02 6.282641399999999710e-01
1.609838399999999865e+02 9.635275199999999707e-01
1.620789699999999982e+02 8.378254099999999926e-01
1.631741000000000099e+02 3.506957399999999780e-01
1.642692299999999932e+02 1.450496599999999969e-01
1.653643600000000049e+02 1.924363100000000062e-02
1.664594899999999882e+02 1.926599199999999915e-02
1.675546099999999967e+02 4.695548400000000046e-03
1.686497400000000084e+02 9.455513900000000332e-03
1.697448699999999917e+02 1.173283900000000012e-02
1.708400000000000034e+02 3.279433300000000190e-02
1.719351299999999867e+02 3.745405899999999788e-02
1.730302499999999952e+02 1.686732800000000088e-02
1.741253800000000069e+02 8.548096800000000092e-03
1.752205099999999902e+02 -9.235324000000000484e-04
1.763156400000000019e+02 -2.684799700000000105e-03
1.774107700000000136e+02 1.299709499999999974e-03
1.785058999999999969e+02 -5.479243600000000165e-03
1.796010200000000054e+02 5.508665599999999600e-03
1.806961499999999887e+02 -6.418878000000000040e-04
