2.223110200000000134e+02 2.795484500000000160e-03
2.234061499999999967e+02 -1.878103500000000061e-03
2.245012800000000084e+02 2.347641699999999942e-03
2.255964099999999917e+02 -1.727012999999999899e-03
2.266915400000000034e+02 5.328437899999999977e-03
2.277866600000000119e+02 -3.893402299999999903e-03
2.288817899999999952e+02 9.470858500000000138e-03
2.299769200000000069e+02 8.904761400000000757e-03
2.310720499999999902e+02 7.722071999999999964e-03
2.321671800000000019e+02 2.555396699999999948e-03
2.332623000000000104e+02 3.481591599999999797e-03
2.343574299999999937e+02 2.363878399999999895e-04
2.354525600000000054e+02 3.623976100000000141e-03
2.365476899999999887e+02 3.071410700000000243e-04
2.376428200000000004e+02 4.293741600000000429e-03
2.387379500000000121e+02 2.734793299999999788e-03
2.398330699999999922e+02 8.592209599999999295e-03
2.409282000000000039e+02 6.412191300000000260e-02
2.420233299999999872e+02 6.897393300000000116e-02
2.431184599999999989e+02 1.389489399999999965e-02
2.442135900000000106e+02 1.996582400000000007e-02
2.453087199999999939e+02 6.176083899999999620e-03
2.464038400000000024e+02 1.169446600000000058e-02
2.474989700000000141e+02 7.172857900000000238e-03
2.485940999999999974e+02 1.204343299999999922e-02
2.496892300000000091e+02 9.234460499999999628e-03
2.507843599999999924e+02 4.239476699999999987e-02
2.518794800000000009e+02 2.306815000000000115e-01
2.529746100000000126e+02 2.790676300000000110e-01
2.540697399999999959e+02 7.669525100000000595e-02
2.551648700000000076e+02 9.695038000000000267e-02
2.562599999999999909e+02 3.347863400000000017e-02
2.573551299999999742e+02 7.200139099999999792e-02
2.584502499999999827e+02 3.792399899999999990e-02
2.595453800000000228e+02 8.550250700000000537e-02
2.606405100000000061e+02 8.365572799999999865e-02
2.617356399999999894e+02 4.641736799999999774e-01
2.628307699999999727e+02 9.577580599999999666e-01
2.639258899999999812e+02 5.845012299999999827e-01
2.650210200000000214e+02 3.795985399999999843e-01
2.661161500000000046e+02 2.978912599999999911e-01
2.672112799999999879e+02 2.586384199999999800e-01
2.683064100000000280e+02 3.401178899999999783e-01
2.694015400000000113e+02 3.981105400000000127e-01
2.704966600000000199e+02 5.542293600000000042e-01
2.715917900000000031e+02 7.029994899999999491e-01
2.726869199999999864e+02 7.672200000000000131e-01
2.737820500000000266e+02 7.667669099999999682e-01
2.748771800000000098e+02 7.218147999999999787e-01
2.759723000000000184e+02 7.026104199999999578e-01
2.770674300000000017e+02 7.317911999999999750e-01
2.781625599999999849e+02 7.260548399999999791e-01
2.792576900000000251e+02 7.392876699999999524e-01
2.803528200000000083e+02 6.846979600000000499e-01
2.814479499999999916e+02 8.251422499999999660e-01
2.825430700000000002e+02 8.583010899999999888e-01
2.836381999999999834e+02 8.068391700000000499e-01
2.847333300000000236e+02 5.267447400000000446e-01
2.858284600000000069e+02 3.931491699999999923e-01
2.869235899999999901e+02 2.606511000000000244e-01
2.880187099999999987e+02 2.828124000000000193e-01
2.891138399999999820e+02 3.299020599999999970e-01
2.902089700000000221e+02 1.000000000000000000e+00
2.913041000000000054e+02 9.563096300000000216e-01
2.923992299999999886e+02 3.590104000000000073e-01
2.934943599999999719e+02 2.203515000000000057e-01
2.945894799999999805e+02 8.712747999999999327e-02
2.956846100000000206e+02 7.515106200000000458e-02
2.967797400000000039e+02 2.142275299999999924e-02
2.978748699999999872e+02 4.312330300000000172e-02
2.989700000000000273e+02 1.582867899999999828e-02
3.000651199999999790e+02 6.950258900000000351e-02
3.011602500000000191e+02 1.779977000000000087e-01
3.022553800000000024e+02 1.266652699999999965e-01
3.033505099999999857e+02 3.762132900000000196e-02
3.044456400000000258e+02 3.499746100000000054e-02
3.055407700000000091e+02 8.454918699999999440e-03
3.066358900000000176e+02 1.639811500000000130e-02
3.077310200000000009e+02 2.186472799999999907e-03
3.088261499999999842e+02 1.421944300000000001e-02
3.099212800000000243e+02 2.511852399999999885e-03
3.110164100000000076e+02 1.140296200000000086e-02
3.121115300000000161e+02 2.539112699999999945e-02
3.132066599999999994e+02 4.259831099999999982e-02
3.143017899999999827e+02 9.910485900000000001e-03
3.153969200000000228e+02 1.456693899999999924e-02
3.164920500000000061e+02 3.234735099999999901e-03
3.175871799999999894e+02 8.867634900000000847e-03
3.186822999999999979e+02 1.114718499999999956e-04
3.197774299999999812e+02 6.888899300000000080e-03
3.208725600000000213e+02 -7.329665599999999736e-04
3.219676900000000046e+02 6.023604200000000179e-03
3.230628199999999879e+02 1.694455699999999898e-03
3.241579399999999964e+02 1.425224500000000019e-02
3.252530699999999797e+02 4.584983200000000009e-03
3.263482000000000198e+02 6.878254299999999981e-03
