# ACT PA1 Bandpass Data — from Rahul Datta (average over 18 individual detector bandpasses measured for PA1)
# Truncated by JCH using criteria in 'passbands' notebook 1/27/19
#col0: frequency [GHz]
#col1: 150 GHz response
#col2: 1-sigma error
#nu(GHz)       fnu	fnu_err
1.134899999999999949e+02 3.661799999999999777e-02 4.346400000000000263e-02
1.139899999999999949e+02 6.010000000000000064e-02 5.152999999999999942e-02
1.144899999999999949e+02 6.162700000000000122e-02 6.806399999999999950e-02
1.149899999999999949e+02 4.053099999999999759e-02 6.139200000000000212e-02
1.154899999999999949e+02 3.858799999999999904e-03 3.588500000000000023e-02
1.159899999999999949e+02 -9.500299999999999717e-03 5.993899999999999922e-02
1.164899999999999949e+02 2.542600000000000068e-02 2.794299999999999909e-02
1.169899999999999949e+02 5.413500000000000256e-02 7.853899999999999770e-02
1.174899999999999949e+02 3.573699999999999793e-02 4.652699999999999891e-02
1.179899999999999949e+02 2.872800000000000006e-02 3.473699999999999705e-02
1.184899999999999949e+02 3.408900000000000124e-02 6.320699999999999930e-02
1.189899999999999949e+02 7.044699999999999573e-02 6.471799999999999775e-02
1.194899999999999949e+02 1.093200000000000005e-01 9.285000000000000198e-02
1.199899999999999949e+02 1.386699999999999877e-01 1.279599999999999904e-01
1.204899999999999949e+02 1.909200000000000064e-01 1.842600000000000071e-01
1.209899999999999949e+02 2.404699999999999893e-01 1.967099999999999960e-01
1.214899999999999949e+02 2.605600000000000138e-01 1.715800000000000103e-01
1.219899999999999949e+02 2.622800000000000131e-01 1.440800000000000136e-01
1.224899999999999949e+02 2.868800000000000239e-01 1.230500000000000066e-01
1.229899999999999949e+02 3.376100000000000212e-01 1.197700000000000015e-01
1.234899999999999949e+02 3.684700000000000197e-01 1.072599999999999942e-01
1.239899999999999949e+02 4.017100000000000115e-01 8.970799999999999608e-02
1.244899999999999949e+02 4.936699999999999977e-01 1.037700000000000011e-01
1.249899999999999949e+02 5.587999999999999634e-01 1.348199999999999954e-01
1.254899999999999949e+02 5.245400000000000063e-01 1.183700000000000030e-01
1.259899999999999949e+02 5.011299999999999644e-01 6.960800000000000320e-02
1.264899999999999949e+02 5.652399999999999647e-01 6.257100000000000162e-02
1.269899999999999949e+02 5.984099999999999975e-01 7.922899999999999388e-02
1.274899999999999949e+02 5.245800000000000463e-01 8.069800000000000584e-02
1.279899999999999949e+02 4.714099999999999957e-01 7.051300000000000623e-02
1.284900000000000091e+02 5.028099999999999792e-01 6.710000000000000686e-02
1.289900000000000091e+02 5.322299999999999809e-01 6.063899999999999846e-02
1.294900000000000091e+02 5.171200000000000241e-01 5.777499999999999997e-02
1.299900000000000091e+02 5.275199999999999889e-01 8.160799999999999998e-02
1.304900000000000091e+02 5.933000000000000496e-01 9.518699999999999384e-02
1.309900000000000091e+02 6.209599999999999564e-01 1.104300000000000004e-01
1.314900000000000091e+02 5.874300000000000077e-01 1.081199999999999939e-01
1.319900000000000091e+02 6.094100000000000072e-01 1.151299999999999962e-01
1.324900000000000091e+02 6.960699999999999665e-01 1.276500000000000135e-01
1.329900000000000091e+02 7.054700000000000415e-01 1.268199999999999883e-01
1.334900000000000091e+02 6.348300000000000054e-01 1.173099999999999976e-01
1.339900000000000091e+02 6.219700000000000228e-01 9.395199999999999385e-02
1.344900000000000091e+02 6.895200000000000218e-01 8.233400000000000440e-02
1.349900000000000091e+02 7.014099999999999779e-01 7.361099999999999588e-02
1.354900000000000091e+02 6.430799999999999850e-01 7.159000000000000086e-02
1.359900000000000091e+02 6.597800000000000331e-01 7.475099999999999800e-02
1.364900000000000091e+02 7.693299999999999583e-01 8.783699999999999841e-02
1.369900000000000091e+02 8.133200000000000429e-01 1.003399999999999986e-01
1.374900000000000091e+02 7.534499999999999531e-01 8.893800000000000316e-02
1.379900000000000091e+02 7.603199999999999958e-01 9.680700000000000416e-02
1.384900000000000091e+02 8.158800000000000496e-01 1.150400000000000034e-01
1.389900000000000091e+02 7.675999999999999490e-01 1.088299999999999962e-01
1.394900000000000091e+02 6.669100000000000028e-01 9.038799999999999613e-02
1.399900000000000091e+02 6.631500000000000172e-01 8.124299999999999577e-02
1.404900000000000091e+02 7.289600000000000524e-01 8.555999999999999717e-02
1.409799999999999898e+02 7.177000000000000046e-01 8.950099999999999723e-02
1.414799999999999898e+02 6.697300000000000475e-01 8.829599999999999949e-02
1.419799999999999898e+02 7.333699999999999664e-01 9.592900000000000038e-02
1.424799999999999898e+02 8.522699999999999720e-01 1.083999999999999964e-01
1.429799999999999898e+02 8.434500000000000330e-01 1.004199999999999954e-01
1.434799999999999898e+02 7.693100000000000493e-01 8.488099999999999812e-02
1.439799999999999898e+02 8.010000000000000453e-01 8.169200000000000073e-02
1.444799999999999898e+02 8.486799999999999899e-01 7.590900000000000425e-02
1.449799999999999898e+02 7.848500000000000476e-01 6.739699999999999858e-02
1.454799999999999898e+02 6.970300000000000384e-01 6.391199999999999659e-02
1.459799999999999898e+02 7.263500000000000512e-01 6.659900000000000542e-02
1.464799999999999898e+02 8.083700000000000330e-01 6.022899999999999782e-02
1.469799999999999898e+02 8.025999999999999801e-01 4.786699999999999983e-02
1.474799999999999898e+02 7.797800000000000287e-01 4.702699999999999936e-02
1.479799999999999898e+02 8.588500000000000023e-01 5.547699999999999854e-02
1.484799999999999898e+02 9.317600000000000326e-01 7.853799999999999670e-02
1.489799999999999898e+02 8.736800000000000122e-01 6.793599999999999639e-02
1.494799999999999898e+02 8.028499999999999526e-01 5.617400000000000171e-02
1.499799999999999898e+02 8.608599999999999586e-01 5.245799999999999769e-02
1.504799999999999898e+02 9.011000000000000121e-01 4.876599999999999685e-02
1.509799999999999898e+02 7.949000000000000510e-01 4.589599999999999930e-02
1.514799999999999898e+02 7.143300000000000205e-01 4.565299999999999914e-02
1.519799999999999898e+02 7.824100000000000499e-01 5.404699999999999782e-02
1.524799999999999898e+02 8.751499999999999835e-01 4.986299999999999760e-02
1.529799999999999898e+02 8.568000000000000060e-01 4.212099999999999872e-02
1.534799999999999898e+02 8.379600000000000382e-01 4.315900000000000292e-02
1.539799999999999898e+02 9.377199999999999980e-01 5.169399999999999690e-02
1.544799999999999898e+02 1.000000000000000000e+00 6.798400000000000276e-02
1.549799999999999898e+02 9.149300000000000210e-01 7.240000000000000602e-02
1.554799999999999898e+02 8.530200000000000005e-01 7.031300000000000050e-02
1.559799999999999898e+02 9.118800000000000239e-01 6.220200000000000035e-02
1.564799999999999898e+02 9.076699999999999768e-01 5.627299999999999663e-02
1.569799999999999898e+02 7.911099999999999799e-01 4.725700000000000039e-02
1.574799999999999898e+02 7.509200000000000319e-01 4.176799999999999957e-02
1.579799999999999898e+02 8.510499999999999732e-01 5.674699999999999883e-02
1.584799999999999898e+02 9.183299999999999796e-01 7.453899999999999415e-02
1.589799999999999898e+02 8.548599999999999532e-01 7.959700000000000109e-02
1.594799999999999898e+02 8.372899999999999787e-01 6.957599999999999896e-02
1.599799999999999898e+02 9.314500000000000002e-01 6.687400000000000289e-02
1.604799999999999898e+02 9.428299999999999459e-01 7.257099999999999662e-02
1.609799999999999898e+02 8.200600000000000112e-01 7.325099999999999667e-02
1.614799999999999898e+02 7.535600000000000076e-01 7.551299999999999679e-02
1.619799999999999898e+02 7.840700000000000447e-01 8.456400000000000028e-02
1.624799999999999898e+02 7.601700000000000124e-01 9.344199999999999728e-02
1.629799999999999898e+02 6.814599999999999547e-01 8.236799999999999677e-02
1.634799999999999898e+02 6.914599999999999635e-01 7.641199999999999382e-02
1.639799999999999898e+02 7.871700000000000363e-01 8.426400000000000556e-02
1.644799999999999898e+02 7.970099999999999962e-01 8.687400000000000677e-02
1.649799999999999898e+02 7.060600000000000209e-01 8.495999999999999386e-02
1.654799999999999898e+02 6.855099999999999527e-01 9.454799999999999316e-02
1.659799999999999898e+02 7.272999999999999465e-01 1.229399999999999937e-01
1.664799999999999898e+02 6.785400000000000320e-01 1.362700000000000022e-01
1.669799999999999898e+02 5.704000000000000181e-01 1.184599999999999959e-01
1.674799999999999898e+02 5.344900000000000206e-01 1.148399999999999976e-01
1.679799999999999898e+02 5.535900000000000265e-01 1.232000000000000040e-01
1.684799999999999898e+02 5.100999999999999979e-01 1.175500000000000017e-01
1.689799999999999898e+02 4.354299999999999837e-01 9.205199999999999494e-02
1.694799999999999898e+02 4.216699999999999893e-01 8.855499999999999483e-02
1.699799999999999898e+02 4.450500000000000012e-01 1.079800000000000065e-01
1.704799999999999898e+02 4.262199999999999878e-01 1.166699999999999959e-01
1.709799999999999898e+02 3.714999999999999969e-01 1.167300000000000004e-01
1.714799999999999898e+02 3.634299999999999753e-01 1.244100000000000067e-01
1.719799999999999898e+02 3.608299999999999841e-01 1.290100000000000136e-01
1.724799999999999898e+02 2.957600000000000229e-01 1.169499999999999984e-01
1.729799999999999898e+02 2.329199999999999882e-01 9.501400000000000123e-02
1.734799999999999898e+02 2.138700000000000045e-01 9.846799999999999997e-02
1.739799999999999898e+02 2.046000000000000041e-01 1.081600000000000061e-01
1.744799999999999898e+02 1.682700000000000029e-01 9.543300000000000394e-02
1.749799999999999898e+02 1.302999999999999992e-01 7.313999999999999668e-02
1.754799999999999898e+02 1.286799999999999888e-01 6.064599999999999852e-02
1.759799999999999898e+02 1.367700000000000027e-01 6.401600000000000346e-02
1.764799999999999898e+02 1.189500000000000002e-01 6.044800000000000173e-02
1.769799999999999898e+02 9.677700000000000191e-02 5.442899999999999822e-02
1.774799999999999898e+02 8.111699999999999466e-02 4.601899999999999741e-02
1.779799999999999898e+02 6.562999999999999390e-02 4.115599999999999814e-02
1.784799999999999898e+02 4.939899999999999847e-02 2.899200000000000041e-02
1.789799999999999898e+02 4.036399999999999710e-02 2.126600000000000018e-02
1.794799999999999898e+02 3.705399999999999666e-02 1.955799999999999900e-02
1.799799999999999898e+02 3.063099999999999851e-02 1.760600000000000012e-02
1.804799999999999898e+02 2.363600000000000076e-02 1.879499999999999921e-02
1.809799999999999898e+02 2.226200000000000054e-02 2.214500000000000149e-02
1.814799999999999898e+02 2.779500000000000026e-02 3.114899999999999960e-02
1.819799999999999898e+02 2.712099999999999927e-02 2.349499999999999852e-02
1.824799999999999898e+02 2.338300000000000101e-02 2.806799999999999920e-02
1.829799999999999898e+02 1.641700000000000104e-02 2.229000000000000078e-02
1.834799999999999898e+02 1.150200000000000007e-02 1.453400000000000004e-02
1.839799999999999898e+02 1.134499999999999918e-02 1.760499999999999912e-02
1.844799999999999898e+02 9.076900000000000593e-03 1.201200000000000011e-02
1.849799999999999898e+02 6.682300000000000392e-03 9.210499999999999937e-03
1.854799999999999898e+02 5.062399999999999886e-03 1.179900000000000046e-02
1.859799999999999898e+02 7.359700000000000270e-03 7.844999999999999543e-03
1.864799999999999898e+02 1.356500000000000067e-02 1.513100000000000035e-02
