# ACT PA1 Bandpass Data — from Rahul Datta (average over 18 individual detector bandpasses measured for PA1)
#col0: frequency [GHz]
#col1: 150 GHz response
9.9990e+01 3.7634e-02
1.0049e+02 5.9091e-02
1.0099e+02 7.3417e-02
1.0149e+02 7.6778e-02
1.0199e+02 8.1105e-02
1.0249e+02 6.9871e-02
1.0299e+02 5.3346e-02
1.0349e+02 3.4622e-02
1.0399e+02 3.7939e-02
1.0449e+02 4.6362e-02
1.0499e+02 4.4000e-02
1.0549e+02 3.0984e-02
1.0599e+02 2.8321e-02
1.0649e+02 3.6695e-02
1.0699e+02 4.6577e-02
1.0749e+02 4.0108e-02
1.0799e+02 3.1567e-02
1.0849e+02 3.0600e-02
1.0899e+02 1.9904e-02
1.0949e+02 2.6292e-02
1.0999e+02 3.2378e-02
1.1049e+02 2.8392e-02
1.1099e+02 5.4328e-02
1.1149e+02 5.2434e-02
1.1199e+02 2.1825e-02
1.1249e+02 1.4263e-02
1.1299e+02 1.8245e-02
1.1349e+02 3.6618e-02
1.1399e+02 6.0100e-02
1.1449e+02 6.1627e-02
1.1499e+02 4.0531e-02
1.1549e+02 3.8588e-03
1.1599e+02 -9.5003e-03
1.1649e+02 2.5426e-02
1.1699e+02 5.4135e-02
1.1749e+02 3.5737e-02
1.1799e+02 2.8728e-02
1.1849e+02 3.4089e-02
1.1899e+02 7.0447e-02
1.1949e+02 1.0932e-01
1.1999e+02 1.3867e-01
1.2049e+02 1.9092e-01
1.2099e+02 2.4047e-01
1.2149e+02 2.6056e-01
1.2199e+02 2.6228e-01
1.2249e+02 2.8688e-01
1.2299e+02 3.3761e-01
1.2349e+02 3.6847e-01
1.2399e+02 4.0171e-01
1.2449e+02 4.9367e-01
1.2499e+02 5.5880e-01
1.2549e+02 5.2454e-01
1.2599e+02 5.0113e-01
1.2649e+02 5.6524e-01
1.2699e+02 5.9841e-01
1.2749e+02 5.2458e-01
1.2799e+02 4.7141e-01
1.2849e+02 5.0281e-01
1.2899e+02 5.3223e-01
1.2949e+02 5.1712e-01
1.2999e+02 5.2752e-01
1.3049e+02 5.9330e-01
1.3099e+02 6.2096e-01
1.3149e+02 5.8743e-01
1.3199e+02 6.0941e-01
1.3249e+02 6.9607e-01
1.3299e+02 7.0547e-01
1.3349e+02 6.3483e-01
1.3399e+02 6.2197e-01
1.3449e+02 6.8952e-01
1.3499e+02 7.0141e-01
1.3549e+02 6.4308e-01
1.3599e+02 6.5978e-01
1.3649e+02 7.6933e-01
1.3699e+02 8.1332e-01
1.3749e+02 7.5345e-01
1.3799e+02 7.6032e-01
1.3849e+02 8.1588e-01
1.3899e+02 7.6760e-01
1.3949e+02 6.6691e-01
1.3999e+02 6.6315e-01
1.4049e+02 7.2896e-01
1.4098e+02 7.1770e-01
1.4148e+02 6.6973e-01
1.4198e+02 7.3337e-01
1.4248e+02 8.5227e-01
1.4298e+02 8.4345e-01
1.4348e+02 7.6931e-01
1.4398e+02 8.0100e-01
1.4448e+02 8.4868e-01
1.4498e+02 7.8485e-01
1.4548e+02 6.9703e-01
1.4598e+02 7.2635e-01
1.4648e+02 8.0837e-01
1.4698e+02 8.0260e-01
1.4748e+02 7.7978e-01
1.4798e+02 8.5885e-01
1.4848e+02 9.3176e-01
1.4898e+02 8.7368e-01
1.4948e+02 8.0285e-01
1.4998e+02 8.6086e-01
1.5048e+02 9.0110e-01
1.5098e+02 7.9490e-01
1.5148e+02 7.1433e-01
1.5198e+02 7.8241e-01
1.5248e+02 8.7515e-01
1.5298e+02 8.5680e-01
1.5348e+02 8.3796e-01
1.5398e+02 9.3772e-01
1.5448e+02 1.0000e+00
1.5498e+02 9.1493e-01
1.5548e+02 8.5302e-01
1.5598e+02 9.1188e-01
1.5648e+02 9.0767e-01
1.5698e+02 7.9111e-01
1.5748e+02 7.5092e-01
1.5798e+02 8.5105e-01
1.5848e+02 9.1833e-01
1.5898e+02 8.5486e-01
1.5948e+02 8.3729e-01
1.5998e+02 9.3145e-01
1.6048e+02 9.4283e-01
1.6098e+02 8.2006e-01
1.6148e+02 7.5356e-01
1.6198e+02 7.8407e-01
1.6248e+02 7.6017e-01
1.6298e+02 6.8146e-01
1.6348e+02 6.9146e-01
1.6398e+02 7.8717e-01
1.6448e+02 7.9701e-01
1.6498e+02 7.0606e-01
1.6548e+02 6.8551e-01
1.6598e+02 7.2730e-01
1.6648e+02 6.7854e-01
1.6698e+02 5.7040e-01
1.6748e+02 5.3449e-01
1.6798e+02 5.5359e-01
1.6848e+02 5.1010e-01
1.6898e+02 4.3543e-01
1.6948e+02 4.2167e-01
1.6998e+02 4.4505e-01
1.7048e+02 4.2622e-01
1.7098e+02 3.7150e-01
1.7148e+02 3.6343e-01
1.7198e+02 3.6083e-01
1.7248e+02 2.9576e-01
1.7298e+02 2.3292e-01
1.7348e+02 2.1387e-01
1.7398e+02 2.0460e-01
1.7448e+02 1.6827e-01
1.7498e+02 1.3030e-01
1.7548e+02 1.2868e-01
1.7598e+02 1.3677e-01
1.7648e+02 1.1895e-01
1.7698e+02 9.6777e-02
1.7748e+02 8.1117e-02
1.7798e+02 6.5630e-02
1.7848e+02 4.9399e-02
1.7898e+02 4.0364e-02
1.7948e+02 3.7054e-02
1.7998e+02 3.0631e-02
1.8048e+02 2.3636e-02
1.8098e+02 2.2262e-02
1.8148e+02 2.7795e-02
1.8198e+02 2.7121e-02
1.8248e+02 2.3383e-02
1.8298e+02 1.6417e-02
1.8348e+02 1.1502e-02
1.8398e+02 1.1345e-02
1.8448e+02 9.0769e-03
1.8498e+02 6.6823e-03
1.8548e+02 5.0624e-03
1.8598e+02 7.3597e-03
1.8648e+02 1.3565e-02
1.8698e+02 1.5403e-02
1.8748e+02 1.1013e-02
1.8798e+02 6.7135e-03
1.8848e+02 7.4196e-03
1.8898e+02 8.3172e-03
1.8948e+02 1.0682e-02
1.8998e+02 1.5017e-02
1.9048e+02 7.8891e-03
1.9098e+02 6.1897e-03
1.9148e+02 1.1495e-02
1.9198e+02 1.4587e-02
1.9248e+02 1.2003e-02
1.9298e+02 6.6831e-03
1.9348e+02 3.9944e-03
1.9398e+02 6.2428e-03
1.9448e+02 1.1425e-02
1.9498e+02 1.2634e-02
1.9548e+02 9.3278e-03
1.9598e+02 9.3158e-03
1.9648e+02 1.2865e-02
1.9698e+02 1.0965e-02
1.9748e+02 1.2812e-02
1.9798e+02 1.4089e-02
1.9848e+02 1.0752e-02
1.9898e+02 9.7892e-03
1.9948e+02 9.1727e-03
1.9998e+02 1.1854e-02
2.0048e+02 1.1912e-02
2.0098e+02 6.8878e-03
2.0148e+02 4.8023e-03
2.0198e+02 9.4468e-03
2.0248e+02 9.8482e-03
2.0298e+02 7.6148e-03
2.0348e+02 1.1161e-02
2.0398e+02 1.1086e-02
2.0448e+02 1.1964e-02
2.0498e+02 1.5150e-02
2.0548e+02 1.4216e-02
2.0598e+02 9.7189e-03
2.0648e+02 7.8954e-03
2.0698e+02 7.3533e-03
2.0748e+02 9.0224e-03
2.0798e+02 1.2004e-02
2.0848e+02 1.3250e-02
2.0898e+02 1.0607e-02
2.0948e+02 1.3108e-02
2.0998e+02 1.3842e-02
2.1048e+02 1.1714e-02
2.1098e+02 1.1606e-02
2.1148e+02 7.1397e-03
2.1198e+02 7.4864e-03
2.1248e+02 9.1882e-03
2.1298e+02 1.0630e-02
2.1348e+02 1.0856e-02
2.1398e+02 9.7183e-03
2.1448e+02 9.7294e-03
2.1498e+02 1.2739e-02
2.1548e+02 1.3904e-02
2.1598e+02 9.9498e-03
2.1648e+02 6.8508e-03
2.1698e+02 6.6976e-03
2.1748e+02 9.5586e-03
2.1798e+02 1.1542e-02
2.1848e+02 1.1096e-02
2.1898e+02 8.0241e-03
2.1948e+02 5.3980e-03
2.1998e+02 6.7196e-03
2.2048e+02 1.2378e-02
2.2098e+02 1.3541e-02
2.2148e+02 1.1676e-02
2.2198e+02 1.1092e-02
2.2248e+02 1.1796e-02
2.2298e+02 1.4480e-02
2.2348e+02 1.3203e-02
2.2398e+02 9.2316e-03
2.2448e+02 6.1701e-03
2.2498e+02 1.3660e-03
2.2548e+02 2.0988e-03
2.2598e+02 9.0413e-03
2.2648e+02 1.1009e-02
2.2698e+02 7.2795e-03
2.2748e+02 4.3110e-03
2.2798e+02 4.9507e-03
2.2848e+02 9.2314e-03
2.2898e+02 1.2089e-02
2.2948e+02 1.1564e-02
2.2998e+02 8.6939e-03
2.3048e+02 7.6094e-03
2.3098e+02 1.0307e-02
2.3148e+02 7.8227e-03
2.3198e+02 4.2348e-03
2.3248e+02 1.2336e-03
2.3298e+02 2.5729e-03
2.3348e+02 9.0345e-03
2.3398e+02 8.0446e-03
2.3447e+02 6.8487e-03
2.3497e+02 9.7947e-03
2.3547e+02 8.4939e-03
2.3597e+02 6.6005e-03
2.3647e+02 1.0010e-02
2.3697e+02 1.1715e-02
2.3747e+02 1.2736e-02
2.3797e+02 1.3284e-02
2.3847e+02 1.2891e-02
2.3897e+02 1.3596e-02
2.3947e+02 1.4448e-02
2.3997e+02 1.2293e-02
2.4047e+02 1.0481e-02
2.4097e+02 1.1283e-02
2.4147e+02 1.0976e-02
2.4197e+02 9.7077e-03
2.4247e+02 1.1076e-02
2.4297e+02 1.6775e-02
2.4347e+02 1.6199e-02
2.4397e+02 1.1535e-02
2.4447e+02 9.8717e-03
2.4497e+02 8.4218e-03
2.4547e+02 3.7187e-03
2.4597e+02 2.4526e-03
2.4647e+02 4.2964e-03
2.4697e+02 6.8263e-03
2.4747e+02 4.9702e-03
2.4797e+02 5.3514e-03
2.4847e+02 8.1249e-03
2.4897e+02 8.3538e-03
2.4947e+02 7.4075e-03
2.4997e+02 7.0134e-03
2.5047e+02 8.0333e-03
2.5097e+02 1.0148e-02
2.5147e+02 1.0397e-02
2.5197e+02 8.0136e-03
2.5247e+02 7.2337e-03
2.5297e+02 8.6891e-03
2.5347e+02 7.0792e-03
2.5397e+02 5.9502e-03
2.5447e+02 6.8497e-03
2.5497e+02 5.1849e-03
2.5547e+02 4.4120e-03
