# ACT PA2 Bandpass Data — from Rahul Datta (average over 75 individual detector bandpasses measured for PA2)
#col0: frequency [GHz]
#col1: 150 GHz response
9.9990e+01 2.9982e-02
1.0049e+02 3.6003e-02
1.0099e+02 4.9345e-02
1.0149e+02 4.1114e-02
1.0199e+02 2.6135e-02
1.0249e+02 2.9253e-02
1.0299e+02 3.5362e-02
1.0349e+02 3.5415e-02
1.0399e+02 2.8652e-02
1.0449e+02 3.2155e-02
1.0499e+02 3.7926e-02
1.0549e+02 4.2545e-02
1.0599e+02 3.1453e-02
1.0649e+02 2.4421e-02
1.0699e+02 2.9208e-02
1.0749e+02 4.3536e-02
1.0799e+02 3.6669e-02
1.0849e+02 2.8098e-02
1.0899e+02 2.0438e-02
1.0949e+02 8.0448e-03
1.0999e+02 2.2098e-02
1.1049e+02 2.4502e-02
1.1099e+02 2.6008e-02
1.1149e+02 2.9019e-02
1.1199e+02 2.0263e-02
1.1249e+02 2.4617e-02
1.1299e+02 3.2170e-02
1.1349e+02 3.2299e-02
1.1399e+02 3.5906e-02
1.1449e+02 2.8436e-02
1.1499e+02 1.9423e-02
1.1549e+02 2.7959e-02
1.1599e+02 2.4777e-02
1.1649e+02 2.1237e-02
1.1699e+02 2.2097e-02
1.1749e+02 1.9066e-02
1.1799e+02 2.3374e-02
1.1849e+02 3.7894e-02
1.1899e+02 5.7541e-02
1.1949e+02 7.4588e-02
1.1999e+02 9.3850e-02
1.2049e+02 1.4521e-01
1.2099e+02 1.8807e-01
1.2149e+02 1.9825e-01
1.2199e+02 2.1992e-01
1.2249e+02 2.6826e-01
1.2299e+02 3.2232e-01
1.2349e+02 3.3499e-01
1.2399e+02 3.4828e-01
1.2449e+02 4.3941e-01
1.2499e+02 5.2477e-01
1.2549e+02 5.1505e-01
1.2599e+02 5.1304e-01
1.2649e+02 5.7613e-01
1.2699e+02 5.9022e-01
1.2749e+02 5.2891e-01
1.2799e+02 4.9022e-01
1.2849e+02 5.1965e-01
1.2899e+02 5.2301e-01
1.2949e+02 4.7441e-01
1.2999e+02 4.7715e-01
1.3049e+02 5.5420e-01
1.3099e+02 5.9475e-01
1.3149e+02 5.6388e-01
1.3199e+02 5.6576e-01
1.3249e+02 6.3955e-01
1.3299e+02 6.4666e-01
1.3349e+02 5.6527e-01
1.3399e+02 5.4808e-01
1.3449e+02 5.9611e-01
1.3499e+02 6.0117e-01
1.3549e+02 5.6404e-01
1.3599e+02 6.0132e-01
1.3649e+02 7.1968e-01
1.3699e+02 7.6689e-01
1.3749e+02 7.0095e-01
1.3799e+02 7.1538e-01
1.3849e+02 7.8490e-01
1.3899e+02 7.3378e-01
1.3949e+02 6.2838e-01
1.3999e+02 6.2116e-01
1.4049e+02 6.8536e-01
1.4098e+02 6.9303e-01
1.4148e+02 6.6484e-01
1.4198e+02 7.3438e-01
1.4248e+02 8.4551e-01
1.4298e+02 8.2182e-01
1.4348e+02 7.4639e-01
1.4398e+02 7.7603e-01
1.4448e+02 8.3839e-01
1.4498e+02 7.8554e-01
1.4548e+02 7.0934e-01
1.4598e+02 7.6070e-01
1.4648e+02 8.5057e-01
1.4698e+02 8.2885e-01
1.4748e+02 7.9642e-01
1.4798e+02 8.9021e-01
1.4848e+02 9.8641e-01
1.4898e+02 9.3806e-01
1.4948e+02 8.5512e-01
1.4998e+02 9.0114e-01
1.5048e+02 9.4758e-01
1.5098e+02 8.4642e-01
1.5148e+02 7.6503e-01
1.5198e+02 8.3371e-01
1.5248e+02 9.0152e-01
1.5298e+02 8.5508e-01
1.5348e+02 8.2801e-01
1.5398e+02 9.3039e-01
1.5448e+02 1.0000e+00
1.5498e+02 9.0332e-01
1.5548e+02 8.1364e-01
1.5598e+02 8.4021e-01
1.5648e+02 8.2797e-01
1.5698e+02 7.2667e-01
1.5748e+02 6.8381e-01
1.5798e+02 7.6983e-01
1.5848e+02 8.3320e-01
1.5898e+02 7.8098e-01
1.5948e+02 7.6743e-01
1.5998e+02 8.4020e-01
1.6048e+02 8.2259e-01
1.6098e+02 6.9815e-01
1.6148e+02 6.4095e-01
1.6198e+02 6.7331e-01
1.6248e+02 6.6597e-01
1.6298e+02 5.8583e-01
1.6348e+02 5.7460e-01
1.6398e+02 6.5292e-01
1.6448e+02 6.6438e-01
1.6498e+02 5.9844e-01
1.6548e+02 5.8874e-01
1.6598e+02 6.3452e-01
1.6648e+02 6.1313e-01
1.6698e+02 5.2826e-01
1.6748e+02 5.0398e-01
1.6798e+02 5.3609e-01
1.6848e+02 5.1052e-01
1.6898e+02 4.4662e-01
1.6948e+02 4.4562e-01
1.6998e+02 4.8363e-01
1.7048e+02 4.6360e-01
1.7098e+02 4.0260e-01
1.7148e+02 3.9659e-01
1.7198e+02 4.1611e-01
1.7248e+02 3.6254e-01
1.7298e+02 2.8501e-01
1.7348e+02 2.6064e-01
1.7398e+02 2.5247e-01
1.7448e+02 2.1960e-01
1.7498e+02 1.8321e-01
1.7548e+02 1.7516e-01
1.7598e+02 1.7828e-01
1.7648e+02 1.5222e-01
1.7698e+02 1.1984e-01
1.7748e+02 1.1398e-01
1.7798e+02 1.0149e-01
1.7848e+02 7.4148e-02
1.7898e+02 5.5872e-02
1.7948e+02 4.7954e-02
1.7998e+02 4.2400e-02
1.8048e+02 3.3832e-02
1.8098e+02 2.3142e-02
1.8148e+02 1.9121e-02
1.8198e+02 2.0690e-02
1.8248e+02 1.9457e-02
1.8298e+02 1.6313e-02
1.8348e+02 1.3803e-02
1.8398e+02 1.1863e-02
1.8448e+02 8.4496e-03
1.8498e+02 6.7399e-03
1.8548e+02 8.4942e-03
1.8598e+02 8.9226e-03
1.8648e+02 7.3704e-03
1.8698e+02 8.1077e-03
1.8748e+02 7.5621e-03
1.8798e+02 6.1251e-03
1.8848e+02 9.7979e-03
1.8898e+02 8.6460e-03
1.8948e+02 5.5696e-03
1.8998e+02 5.8583e-03
1.9048e+02 6.5481e-03
1.9098e+02 6.7331e-03
1.9148e+02 6.2186e-03
1.9198e+02 7.8530e-03
1.9248e+02 8.5180e-03
1.9298e+02 8.6674e-03
1.9348e+02 1.0159e-02
1.9398e+02 1.1435e-02
1.9448e+02 7.9907e-03
1.9498e+02 4.2651e-03
1.9548e+02 5.2883e-03
1.9598e+02 9.0284e-03
1.9648e+02 9.5769e-03
1.9698e+02 6.2475e-03
1.9748e+02 6.5043e-03
1.9798e+02 7.1113e-03
1.9848e+02 7.6942e-03
1.9898e+02 1.1179e-02
1.9948e+02 1.2480e-02
1.9998e+02 1.0370e-02
2.0048e+02 8.3842e-03
2.0098e+02 6.8513e-03
2.0148e+02 5.7666e-03
2.0198e+02 8.4521e-03
2.0248e+02 5.4031e-03
2.0298e+02 5.6941e-03
2.0348e+02 1.0565e-02
2.0398e+02 9.6911e-03
2.0448e+02 1.1384e-02
2.0498e+02 1.2132e-02
2.0548e+02 8.8300e-03
2.0598e+02 9.3742e-03
2.0648e+02 9.5757e-03
2.0698e+02 9.5683e-03
2.0748e+02 1.1453e-02
2.0798e+02 1.0171e-02
2.0848e+02 7.8811e-03
2.0898e+02 7.7936e-03
2.0948e+02 6.7316e-03
2.0998e+02 7.2613e-03
2.1048e+02 6.9665e-03
2.1098e+02 1.0126e-02
2.1148e+02 1.0187e-02
2.1198e+02 7.2536e-03
2.1248e+02 7.0274e-03
2.1298e+02 8.2184e-03
2.1348e+02 9.9343e-03
2.1398e+02 9.0281e-03
2.1448e+02 5.0437e-03
2.1498e+02 5.1953e-03
2.1548e+02 7.4920e-03
2.1598e+02 7.3862e-03
2.1648e+02 9.1836e-03
2.1698e+02 7.8659e-03
2.1748e+02 7.1396e-03
2.1798e+02 6.5772e-03
2.1848e+02 5.1172e-03
2.1898e+02 4.9526e-03
2.1948e+02 6.5622e-03
2.1998e+02 5.8560e-03
2.2048e+02 5.8463e-03
2.2098e+02 8.5371e-03
2.2148e+02 6.9871e-03
2.2198e+02 5.5527e-03
2.2248e+02 5.8942e-03
2.2298e+02 6.0655e-03
2.2348e+02 6.4561e-03
2.2398e+02 5.3203e-03
2.2448e+02 4.2858e-03
2.2498e+02 5.9584e-03
2.2548e+02 8.9102e-03
2.2598e+02 8.6109e-03
2.2648e+02 7.9206e-03
2.2698e+02 8.8055e-03
2.2748e+02 7.9543e-03
2.2798e+02 4.6875e-03
2.2848e+02 5.6045e-03
2.2898e+02 7.2503e-03
2.2948e+02 4.3184e-03
2.2998e+02 4.8336e-03
2.3048e+02 5.7923e-03
2.3098e+02 7.5474e-03
2.3148e+02 8.3894e-03
2.3198e+02 5.4574e-03
2.3248e+02 4.9740e-03
2.3298e+02 6.9380e-03
2.3348e+02 7.3192e-03
2.3398e+02 7.2716e-03
2.3447e+02 7.0936e-03
2.3497e+02 5.4011e-03
2.3547e+02 4.2487e-03
2.3597e+02 2.5672e-03
2.3647e+02 5.8101e-03
2.3697e+02 6.2087e-03
2.3747e+02 5.8599e-03
2.3797e+02 5.5785e-03
2.3847e+02 5.3214e-03
2.3897e+02 7.2969e-03
2.3947e+02 7.5245e-03
2.3997e+02 5.8153e-03
2.4047e+02 7.3903e-03
2.4097e+02 6.9424e-03
2.4147e+02 5.1118e-03
2.4197e+02 5.9006e-03
2.4247e+02 4.9538e-03
2.4297e+02 5.8395e-03
2.4347e+02 6.5725e-03
2.4397e+02 4.9110e-03
2.4447e+02 7.7669e-03
2.4497e+02 8.0187e-03
2.4547e+02 5.1943e-03
2.4597e+02 4.6351e-03
2.4647e+02 4.2596e-03
2.4697e+02 4.6630e-03
2.4747e+02 5.3151e-03
2.4797e+02 4.3298e-03
2.4847e+02 3.6829e-03
2.4897e+02 3.6682e-03
2.4947e+02 5.0824e-03
2.4997e+02 4.6078e-03
2.5047e+02 4.6933e-03
2.5097e+02 6.6588e-03
2.5147e+02 7.0811e-03
2.5197e+02 5.3074e-03
2.5247e+02 5.1685e-03
2.5297e+02 5.5841e-03
2.5347e+02 5.8320e-03
2.5397e+02 6.3712e-03
2.5447e+02 5.6041e-03
2.5497e+02 4.0344e-03
2.5547e+02 4.5778e-03
