1.169899999999999949e+02 6.470900000000000263e-02
1.174899999999999949e+02 2.845400000000000013e-02
1.179899999999999949e+02 1.395000000000000059e-02
1.184899999999999949e+02 3.743200000000000000e-02
1.189899999999999949e+02 5.342600000000000127e-02
1.194899999999999949e+02 4.650399999999999673e-02
1.199899999999999949e+02 4.939000000000000334e-02
1.204899999999999949e+02 3.956400000000000194e-02
1.209899999999999949e+02 3.144899999999999779e-02
1.214899999999999949e+02 3.233400000000000163e-02
1.219899999999999949e+02 5.334200000000000053e-02
1.224899999999999949e+02 6.438900000000000179e-02
1.229899999999999949e+02 4.882000000000000228e-02
1.234899999999999949e+02 5.786299999999999777e-02
1.239899999999999949e+02 9.958799999999999597e-02
1.244899999999999949e+02 1.380099999999999938e-01
1.249899999999999949e+02 1.627200000000000035e-01
1.254899999999999949e+02 1.759100000000000108e-01
1.259899999999999949e+02 1.876500000000000112e-01
1.264899999999999949e+02 2.378800000000000081e-01
1.269899999999999949e+02 2.941900000000000071e-01
1.274899999999999949e+02 3.051900000000000168e-01
1.279899999999999949e+02 3.230899999999999883e-01
1.284900000000000091e+02 3.948200000000000043e-01
1.289900000000000091e+02 4.490199999999999747e-01
1.294900000000000091e+02 4.466999999999999860e-01
1.299900000000000091e+02 4.785200000000000009e-01
1.304900000000000091e+02 5.776000000000000023e-01
1.309900000000000091e+02 6.388200000000000545e-01
1.314900000000000091e+02 6.230400000000000382e-01
1.319900000000000091e+02 6.506800000000000361e-01
1.324900000000000091e+02 7.447599999999999776e-01
1.329900000000000091e+02 7.557399999999999674e-01
1.334900000000000091e+02 6.708199999999999719e-01
1.339900000000000091e+02 6.564499999999999780e-01
1.344900000000000091e+02 7.203500000000000458e-01
1.349900000000000091e+02 7.161999999999999478e-01
1.354900000000000091e+02 6.559199999999999475e-01
1.359900000000000091e+02 6.887799999999999478e-01
1.364900000000000091e+02 8.175099999999999589e-01
1.369900000000000091e+02 8.655100000000000016e-01
1.374900000000000091e+02 7.924900000000000277e-01
1.379900000000000091e+02 7.695699999999999763e-01
1.384900000000000091e+02 7.996900000000000119e-01
1.389900000000000091e+02 7.483499999999999597e-01
1.394900000000000091e+02 6.619599999999999929e-01
1.399900000000000091e+02 6.911300000000000221e-01
1.404900000000000091e+02 8.000899999999999679e-01
1.409799999999999898e+02 8.295500000000000096e-01
1.414799999999999898e+02 8.058999999999999497e-01
1.419799999999999898e+02 8.859799999999999898e-01
1.424799999999999898e+02 1.000000000000000000e+00
1.429799999999999898e+02 9.563899999999999624e-01
1.434799999999999898e+02 8.390999999999999570e-01
1.439799999999999898e+02 8.367599999999999483e-01
1.444799999999999898e+02 8.685199999999999587e-01
1.449799999999999898e+02 7.933299999999999796e-01
1.454799999999999898e+02 7.105900000000000549e-01
1.459799999999999898e+02 7.549400000000000555e-01
1.464799999999999898e+02 8.285799999999999832e-01
1.469799999999999898e+02 7.874999999999999778e-01
1.474799999999999898e+02 7.250299999999999523e-01
1.479799999999999898e+02 7.811099999999999710e-01
1.484799999999999898e+02 8.571900000000000075e-01
1.489799999999999898e+02 8.137699999999999934e-01
1.494799999999999898e+02 7.521600000000000508e-01
1.499799999999999898e+02 7.956499999999999684e-01
1.504799999999999898e+02 8.170399999999999885e-01
1.509799999999999898e+02 7.305399999999999672e-01
1.514799999999999898e+02 6.630099999999999882e-01
1.519799999999999898e+02 7.005799999999999805e-01
1.524799999999999898e+02 7.544199999999999795e-01
1.529799999999999898e+02 7.323499999999999455e-01
1.534799999999999898e+02 7.248599999999999488e-01
1.539799999999999898e+02 8.179899999999999949e-01
1.544799999999999898e+02 8.752100000000000435e-01
1.549799999999999898e+02 8.034000000000000030e-01
1.554799999999999898e+02 7.343199999999999728e-01
1.559799999999999898e+02 7.492799999999999461e-01
1.564799999999999898e+02 7.378099999999999659e-01
1.569799999999999898e+02 6.601000000000000201e-01
1.574799999999999898e+02 6.293699999999999850e-01
1.579799999999999898e+02 7.131999999999999451e-01
1.584799999999999898e+02 7.889800000000000146e-01
1.589799999999999898e+02 7.613600000000000367e-01
1.594799999999999898e+02 7.388299999999999867e-01
1.599799999999999898e+02 7.887999999999999456e-01
1.604799999999999898e+02 7.597699999999999454e-01
1.609799999999999898e+02 6.190999999999999837e-01
1.614799999999999898e+02 5.361099999999999755e-01
1.619799999999999898e+02 5.357499999999999485e-01
1.624799999999999898e+02 5.057300000000000129e-01
1.629799999999999898e+02 4.307599999999999763e-01
1.634799999999999898e+02 4.088300000000000267e-01
1.639799999999999898e+02 4.376300000000000190e-01
1.644799999999999898e+02 4.138999999999999901e-01
1.649799999999999898e+02 3.443999999999999839e-01
1.654799999999999898e+02 3.134100000000000219e-01
1.659799999999999898e+02 3.089199999999999724e-01
1.664799999999999898e+02 2.788800000000000168e-01
1.669799999999999898e+02 2.406000000000000083e-01
1.674799999999999898e+02 2.237999999999999989e-01
1.679799999999999898e+02 2.222500000000000031e-01
1.684799999999999898e+02 2.063599999999999879e-01
1.689799999999999898e+02 1.707100000000000006e-01
1.694799999999999898e+02 1.503500000000000114e-01
1.699799999999999898e+02 1.506800000000000084e-01
1.704799999999999898e+02 1.370599999999999874e-01
1.709799999999999898e+02 1.065799999999999942e-01
1.714799999999999898e+02 9.509299999999999697e-02
1.719799999999999898e+02 8.990599999999999981e-02
1.724799999999999898e+02 6.915899999999999825e-02
1.729799999999999898e+02 5.259199999999999986e-02
1.734799999999999898e+02 3.846800000000000219e-02
1.739799999999999898e+02 2.782300000000000051e-02
1.744799999999999898e+02 2.514600000000000168e-02
1.749799999999999898e+02 2.113800000000000054e-02
1.754799999999999898e+02 1.990400000000000155e-02
1.759799999999999898e+02 1.791999999999999843e-02
1.764799999999999898e+02 1.592700000000000018e-02
1.769799999999999898e+02 1.859500000000000042e-02
1.774799999999999898e+02 1.593500000000000125e-02
1.779799999999999898e+02 9.123799999999999619e-03
1.784799999999999898e+02 7.848600000000000715e-03
1.789799999999999898e+02 5.392300000000000045e-03
1.794799999999999898e+02 2.276400000000000038e-03
1.799799999999999898e+02 4.855199999999999620e-03
1.804799999999999898e+02 9.874700000000000144e-03
1.809799999999999898e+02 9.612600000000000658e-03
1.814799999999999898e+02 6.687199999999999915e-03
1.819799999999999898e+02 1.197900000000000006e-02
1.824799999999999898e+02 1.463500000000000044e-02
1.829799999999999898e+02 1.074800000000000061e-02
1.834799999999999898e+02 7.467599999999999585e-03
1.839799999999999898e+02 1.074199999999999981e-02
1.844799999999999898e+02 1.523599999999999954e-02
1.849799999999999898e+02 1.204000000000000035e-02
1.854799999999999898e+02 1.070499999999999924e-02
1.859799999999999898e+02 1.164399999999999984e-02
1.864799999999999898e+02 1.120200000000000015e-02
1.869799999999999898e+02 1.137799999999999923e-02
1.874799999999999898e+02 8.134199999999999417e-03
1.879799999999999898e+02 8.192599999999999535e-03
1.884799999999999898e+02 1.068999999999999985e-02
1.889799999999999898e+02 7.591699999999999837e-03
1.894799999999999898e+02 6.436599999999999787e-03
1.899799999999999898e+02 1.038799999999999966e-02
1.904799999999999898e+02 1.025200000000000070e-02
1.909799999999999898e+02 8.099000000000000296e-03
1.914799999999999898e+02 8.177399999999999600e-03
1.919799999999999898e+02 1.233599999999999974e-02
1.924799999999999898e+02 1.072299999999999989e-02
1.929799999999999898e+02 8.708199999999999275e-03
1.934799999999999898e+02 8.887100000000000208e-03
1.939799999999999898e+02 7.003099999999999950e-03
1.944799999999999898e+02 9.724099999999999411e-03
1.949799999999999898e+02 8.848200000000000509e-03
1.954799999999999898e+02 6.148100000000000093e-03
1.959799999999999898e+02 7.259700000000000007e-03
1.964799999999999898e+02 7.698199999999999661e-03
1.969799999999999898e+02 6.903300000000000235e-03
1.974799999999999898e+02 7.164000000000000229e-03
1.979799999999999898e+02 6.275900000000000055e-03
1.984799999999999898e+02 8.217800000000000799e-03
1.989799999999999898e+02 1.485399999999999915e-02
1.994799999999999898e+02 1.563399999999999859e-02
1.999799999999999898e+02 8.454800000000000162e-03
1.999399999999999977e+02 1.039999999999999952e-02
2.010399999999999920e+02 1.439999999999999961e-02
2.021399999999999864e+02 1.260000000000000009e-02
2.032400000000000091e+02 1.329999999999999932e-02
2.043300000000000125e+02 1.329999999999999932e-02
2.054300000000000068e+02 1.340000000000000045e-02
2.065300000000000011e+02 1.379999999999999977e-02
2.076299999999999955e+02 1.260000000000000009e-02
2.087299999999999898e+02 1.490000000000000005e-02
2.098300000000000125e+02 1.319999999999999993e-02
2.109300000000000068e+02 1.020000000000000073e-02
2.120200000000000102e+02 1.129999999999999928e-02
2.131200000000000045e+02 1.080000000000000057e-02
2.142199999999999989e+02 1.179999999999999973e-02
2.153199999999999932e+02 1.299999999999999940e-02
2.164199999999999875e+02 1.290000000000000001e-02
2.175200000000000102e+02 1.340000000000000045e-02
2.186200000000000045e+02 1.260000000000000009e-02
2.197100000000000080e+02 1.129999999999999928e-02
2.208100000000000023e+02 9.499999999999999764e-03
2.219099999999999966e+02 7.599999999999999985e-03
2.230099999999999909e+02 6.199999999999999782e-03
2.241100000000000136e+02 9.700000000000000289e-03
2.252100000000000080e+02 8.600000000000000006e-03
2.263100000000000023e+02 7.700000000000000247e-03
2.274000000000000057e+02 8.899999999999999925e-03
2.285000000000000000e+02 6.899999999999999883e-03
2.295999999999999943e+02 5.499999999999999681e-03
2.306999999999999886e+02 5.199999999999999761e-03
2.318000000000000114e+02 4.199999999999999740e-03
2.329000000000000057e+02 1.299999999999999940e-03
2.340000000000000000e+02 -2.999999999999999737e-04
