# ACT PA3 150 GHz Bandpass Data — from Rahul Datta (average over 28 individual detector bandpasses measured for PA3 150 GHz)
#col0: frequency [GHz]
#col1: 150 GHz response
9.9990e+01 5.4385e-02
1.0049e+02 4.3478e-02
1.0099e+02 3.4478e-02
1.0149e+02 7.7433e-03
1.0199e+02 3.6910e-02
1.0249e+02 7.0938e-02
1.0299e+02 6.9288e-02
1.0349e+02 6.1053e-02
1.0399e+02 7.2938e-02
1.0449e+02 7.1654e-02
1.0499e+02 4.7794e-02
1.0549e+02 5.5860e-02
1.0599e+02 3.3650e-02
1.0649e+02 6.8667e-03
1.0699e+02 5.1100e-02
1.0749e+02 7.0244e-02
1.0799e+02 4.4622e-02
1.0849e+02 3.6819e-02
1.0899e+02 2.8398e-02
1.0949e+02 1.2439e-02
1.0999e+02 1.0533e-02
1.1049e+02 3.7901e-02
1.1099e+02 4.5176e-02
1.1149e+02 2.9990e-02
1.1199e+02 4.1625e-02
1.1249e+02 4.5614e-02
1.1299e+02 4.3757e-02
1.1349e+02 4.8308e-02
1.1399e+02 2.3257e-02
1.1449e+02 2.2464e-02
1.1499e+02 5.4018e-02
1.1549e+02 6.8337e-02
1.1599e+02 4.6322e-02
1.1649e+02 5.1797e-02
1.1699e+02 6.4709e-02
1.1749e+02 2.8454e-02
1.1799e+02 1.3950e-02
1.1849e+02 3.7432e-02
1.1899e+02 5.3426e-02
1.1949e+02 4.6504e-02
1.1999e+02 4.9390e-02
1.2049e+02 3.9564e-02
1.2099e+02 3.1449e-02
1.2149e+02 3.2334e-02
1.2199e+02 5.3342e-02
1.2249e+02 6.4389e-02
1.2299e+02 4.8820e-02
1.2349e+02 5.7863e-02
1.2399e+02 9.9588e-02
1.2449e+02 1.3801e-01
1.2499e+02 1.6272e-01
1.2549e+02 1.7591e-01
1.2599e+02 1.8765e-01
1.2649e+02 2.3788e-01
1.2699e+02 2.9419e-01
1.2749e+02 3.0519e-01
1.2799e+02 3.2309e-01
1.2849e+02 3.9482e-01
1.2899e+02 4.4902e-01
1.2949e+02 4.4670e-01
1.2999e+02 4.7852e-01
1.3049e+02 5.7760e-01
1.3099e+02 6.3882e-01
1.3149e+02 6.2304e-01
1.3199e+02 6.5068e-01
1.3249e+02 7.4476e-01
1.3299e+02 7.5574e-01
1.3349e+02 6.7082e-01
1.3399e+02 6.5645e-01
1.3449e+02 7.2035e-01
1.3499e+02 7.1620e-01
1.3549e+02 6.5592e-01
1.3599e+02 6.8878e-01
1.3649e+02 8.1751e-01
1.3699e+02 8.6551e-01
1.3749e+02 7.9249e-01
1.3799e+02 7.6957e-01
1.3849e+02 7.9969e-01
1.3899e+02 7.4835e-01
1.3949e+02 6.6196e-01
1.3999e+02 6.9113e-01
1.4049e+02 8.0009e-01
1.4098e+02 8.2955e-01
1.4148e+02 8.0590e-01
1.4198e+02 8.8598e-01
1.4248e+02 1.0000e+00
1.4298e+02 9.5639e-01
1.4348e+02 8.3910e-01
1.4398e+02 8.3676e-01
1.4448e+02 8.6852e-01
1.4498e+02 7.9333e-01
1.4548e+02 7.1059e-01
1.4598e+02 7.5494e-01
1.4648e+02 8.2858e-01
1.4698e+02 7.8750e-01
1.4748e+02 7.2503e-01
1.4798e+02 7.8111e-01
1.4848e+02 8.5719e-01
1.4898e+02 8.1377e-01
1.4948e+02 7.5216e-01
1.4998e+02 7.9565e-01
1.5048e+02 8.1704e-01
1.5098e+02 7.3054e-01
1.5148e+02 6.6301e-01
1.5198e+02 7.0058e-01
1.5248e+02 7.5442e-01
1.5298e+02 7.3235e-01
1.5348e+02 7.2486e-01
1.5398e+02 8.1799e-01
1.5448e+02 8.7521e-01
1.5498e+02 8.0340e-01
1.5548e+02 7.3432e-01
1.5598e+02 7.4928e-01
1.5648e+02 7.3781e-01
1.5698e+02 6.6010e-01
1.5748e+02 6.2937e-01
1.5798e+02 7.1320e-01
1.5848e+02 7.8898e-01
1.5898e+02 7.6136e-01
1.5948e+02 7.3883e-01
1.5998e+02 7.8880e-01
1.6048e+02 7.5977e-01
1.6098e+02 6.1910e-01
1.6148e+02 5.3611e-01
1.6198e+02 5.3575e-01
1.6248e+02 5.0573e-01
1.6298e+02 4.3076e-01
1.6348e+02 4.0883e-01
1.6398e+02 4.3763e-01
1.6448e+02 4.1390e-01
1.6498e+02 3.4440e-01
1.6548e+02 3.1341e-01
1.6598e+02 3.0892e-01
1.6648e+02 2.7888e-01
1.6698e+02 2.4060e-01
1.6748e+02 2.2380e-01
1.6798e+02 2.2225e-01
1.6848e+02 2.0636e-01
1.6898e+02 1.7071e-01
1.6948e+02 1.5035e-01
1.6998e+02 1.5068e-01
1.7048e+02 1.3706e-01
1.7098e+02 1.0658e-01
1.7148e+02 9.5093e-02
1.7198e+02 8.9906e-02
1.7248e+02 6.9159e-02
1.7298e+02 5.2592e-02
1.7348e+02 3.8468e-02
1.7398e+02 2.7823e-02
1.7448e+02 2.5146e-02
1.7498e+02 2.1138e-02
1.7548e+02 1.9904e-02
1.7598e+02 1.7920e-02
1.7648e+02 1.5927e-02
1.7698e+02 1.8595e-02
1.7748e+02 1.5935e-02
1.7798e+02 9.1238e-03
1.7848e+02 7.8486e-03
1.7898e+02 5.3923e-03
1.7948e+02 2.2764e-03
1.7998e+02 4.8552e-03
1.8048e+02 9.8747e-03
1.8098e+02 9.6126e-03
1.8148e+02 6.6872e-03
1.8198e+02 1.1979e-02
1.8248e+02 1.4635e-02
1.8298e+02 1.0748e-02
1.8348e+02 7.4676e-03
1.8398e+02 1.0742e-02
1.8448e+02 1.5236e-02
1.8498e+02 1.2040e-02
1.8548e+02 1.0705e-02
1.8598e+02 1.1644e-02
1.8648e+02 1.1202e-02
1.8698e+02 1.1378e-02
1.8748e+02 8.1342e-03
1.8798e+02 8.1926e-03
1.8848e+02 1.0690e-02
1.8898e+02 7.5917e-03
1.8948e+02 6.4366e-03
1.8998e+02 1.0388e-02
1.9048e+02 1.0252e-02
1.9098e+02 8.0990e-03
1.9148e+02 8.1774e-03
1.9198e+02 1.2336e-02
1.9248e+02 1.0723e-02
1.9298e+02 8.7082e-03
1.9348e+02 8.8871e-03
1.9398e+02 7.0031e-03
1.9448e+02 9.7241e-03
1.9498e+02 8.8482e-03
1.9548e+02 6.1481e-03
1.9598e+02 7.2597e-03
1.9648e+02 7.6982e-03
1.9698e+02 6.9033e-03
1.9748e+02 7.1640e-03
1.9798e+02 6.2759e-03
1.9848e+02 8.2178e-03
1.9898e+02 1.4854e-02
1.9948e+02 1.5634e-02
1.9998e+02 8.4548e-03
2.0048e+02 5.1062e-03
2.0098e+02 8.0103e-03
2.0148e+02 9.4935e-03
2.0198e+02 9.0370e-03
2.0248e+02 5.2913e-03
2.0298e+02 8.4898e-03
2.0348e+02 1.3703e-02
2.0398e+02 1.3207e-02
2.0448e+02 8.7192e-03
2.0498e+02 7.2460e-03
2.0548e+02 8.8490e-03
2.0598e+02 8.7194e-03
2.0648e+02 6.1075e-03
2.0698e+02 8.8521e-03
2.0748e+02 1.1520e-02
2.0798e+02 8.3166e-03
2.0848e+02 6.7404e-03
2.0898e+02 8.2520e-03
2.0948e+02 1.0961e-02
2.0998e+02 1.0676e-02
2.1048e+02 8.1751e-03
2.1098e+02 9.1813e-03
2.1148e+02 1.0816e-02
2.1198e+02 9.7586e-03
2.1248e+02 6.9505e-03
2.1298e+02 9.8927e-03
2.1348e+02 1.0626e-02
2.1398e+02 8.2660e-03
2.1448e+02 1.2569e-02
2.1498e+02 1.3981e-02
2.1548e+02 1.3128e-02
2.1598e+02 8.3656e-03
2.1648e+02 6.6816e-03
2.1698e+02 7.7047e-03
2.1748e+02 9.1842e-03
2.1798e+02 1.4614e-02
2.1848e+02 1.7132e-02
2.1898e+02 1.3218e-02
2.1948e+02 9.3197e-03
2.1998e+02 1.2163e-02
2.2048e+02 1.2576e-02
2.2098e+02 8.2304e-03
2.2148e+02 5.6061e-03
2.2198e+02 9.8007e-03
2.2248e+02 7.0817e-03
2.2298e+02 9.2950e-03
2.2348e+02 7.5299e-03
2.2398e+02 6.6328e-03
2.2448e+02 7.1459e-03
2.2498e+02 7.4600e-03
2.2548e+02 6.4274e-03
2.2598e+02 7.8639e-03
2.2648e+02 5.7342e-03
2.2698e+02 9.0446e-03
2.2748e+02 1.2992e-02
2.2798e+02 8.3970e-03
2.2848e+02 5.6757e-03
2.2898e+02 6.1368e-03
2.2948e+02 6.6358e-03
2.2998e+02 5.1305e-03
2.3048e+02 2.7779e-03
2.3098e+02 3.5257e-03
2.3148e+02 5.8303e-03
2.3198e+02 5.3363e-03
2.3248e+02 1.1247e-02
2.3298e+02 1.5221e-02
2.3348e+02 7.0116e-03
2.3398e+02 4.0890e-03
2.3447e+02 5.0754e-03
2.3497e+02 3.3745e-03
2.3547e+02 1.3930e-03
2.3597e+02 4.0650e-03
2.3647e+02 6.5075e-03
2.3697e+02 6.1043e-03
2.3747e+02 2.8302e-03
2.3797e+02 2.0795e-03
2.3847e+02 5.2897e-03
2.3897e+02 6.6377e-03
2.3947e+02 4.8774e-03
2.3997e+02 5.5795e-03
2.4047e+02 7.1019e-03
2.4097e+02 4.4281e-03
2.4147e+02 3.2101e-03
2.4197e+02 4.4073e-03
2.4247e+02 5.1346e-03
2.4297e+02 5.5412e-03
2.4347e+02 3.8771e-03
2.4397e+02 3.4069e-03
2.4447e+02 6.8029e-03
2.4497e+02 6.3668e-03
2.4547e+02 5.2238e-03
2.4597e+02 4.8797e-03
2.4647e+02 3.1881e-03
2.4697e+02 4.5659e-03
2.4747e+02 5.9691e-03
2.4797e+02 6.5571e-03
2.4847e+02 1.0429e-02
2.4897e+02 8.2234e-03
2.4947e+02 2.9638e-03
2.4997e+02 1.5199e-03
2.5047e+02 4.4249e-03
2.5097e+02 9.3278e-03
2.5147e+02 7.8313e-03
2.5197e+02 5.2805e-03
2.5247e+02 4.9749e-03
2.5297e+02 7.2604e-03
2.5347e+02 6.1102e-03
2.5397e+02 3.5560e-03
2.5447e+02 5.1640e-03
2.5497e+02 6.0559e-03
2.5547e+02 3.1184e-03
