# ACT PA3 90 GHz Bandpass Data — from Rahul Datta (average over 17 individual detector bandpasses measured for PA3 90 GHz)
# Truncated by JCH using criteria in 'passbands' notebook 1/27/19
#col0: frequency [GHz]
#col1: 90 GHz response
#col2: 1-sigma error
#nu(GHz)       fnu	fnu_err
6.598999999999999488e+01 4.128400000000000125e-02 7.166200000000000347e-02
6.648999999999999488e+01 8.085399999999999532e-02 1.237700000000000050e-01
6.698999999999999488e+01 9.297500000000000209e-02 1.074800000000000061e-01
6.748999999999999488e+01 5.679800000000000126e-02 4.444499999999999840e-02
6.798999999999999488e+01 1.781800000000000050e-02 5.314399999999999680e-02
6.848999999999999488e+01 2.637700000000000114e-02 5.219200000000000228e-02
6.898999999999999488e+01 4.099499999999999672e-02 5.515699999999999770e-02
6.948999999999999488e+01 5.519000000000000294e-02 7.756699999999999706e-02
6.998999999999999488e+01 6.645600000000000118e-02 7.396099999999999897e-02
7.048999999999999488e+01 3.837200000000000333e-02 8.587400000000000588e-02
7.098999999999999488e+01 6.529999999999999694e-02 6.991400000000000392e-02
7.148999999999999488e+01 9.020200000000000440e-02 6.269399999999999973e-02
7.198999999999999488e+01 9.656199999999999506e-02 6.124899999999999789e-02
7.248999999999999488e+01 1.252699999999999925e-01 4.423099999999999948e-02
7.298999999999999488e+01 1.422200000000000131e-01 4.154399999999999760e-02
7.348999999999999488e+01 1.539899999999999880e-01 8.096599999999999631e-02
7.398999999999999488e+01 1.723800000000000054e-01 5.920500000000000068e-02
7.448999999999999488e+01 1.741000000000000048e-01 4.432799999999999935e-02
7.498999999999999488e+01 1.887900000000000134e-01 6.244199999999999751e-02
7.548999999999999488e+01 2.528199999999999892e-01 1.052899999999999947e-01
7.598999999999999488e+01 2.922399999999999998e-01 1.088599999999999984e-01
7.648999999999999488e+01 2.712399999999999811e-01 8.517199999999999771e-02
7.698999999999999488e+01 2.947799999999999865e-01 7.832600000000000673e-02
7.748999999999999488e+01 3.522700000000000276e-01 8.255999999999999450e-02
7.798999999999999488e+01 3.786700000000000066e-01 9.642199999999999382e-02
7.848999999999999488e+01 3.545599999999999863e-01 8.280500000000000360e-02
7.898999999999999488e+01 3.702699999999999880e-01 7.133200000000000651e-02
7.948999999999999488e+01 4.387199999999999989e-01 6.747400000000000619e-02
7.998999999999999488e+01 4.569199999999999928e-01 8.228900000000000103e-02
8.048999999999999488e+01 4.415899999999999825e-01 8.304599999999999482e-02
8.098999999999999488e+01 5.112299999999999622e-01 8.633000000000000396e-02
8.148999999999999488e+01 5.659999999999999476e-01 1.385899999999999910e-01
8.198999999999999488e+01 5.147500000000000409e-01 1.436399999999999899e-01
8.248999999999999488e+01 4.381599999999999939e-01 1.134099999999999969e-01
8.298999999999999488e+01 4.298899999999999944e-01 8.784500000000000641e-02
8.348999999999999488e+01 4.699099999999999944e-01 1.004000000000000031e-01
8.398999999999999488e+01 4.362599999999999811e-01 8.736599999999999921e-02
8.448999999999999488e+01 4.041699999999999737e-01 7.155599999999999461e-02
8.498999999999999488e+01 4.667299999999999782e-01 7.140399999999999525e-02
8.548999999999999488e+01 5.444400000000000350e-01 9.755700000000000482e-02
8.598999999999999488e+01 5.446499999999999675e-01 1.142699999999999966e-01
8.648999999999999488e+01 5.342999999999999972e-01 1.050100000000000061e-01
8.698999999999999488e+01 5.815599999999999659e-01 1.158000000000000002e-01
8.748999999999999488e+01 6.467800000000000216e-01 1.173199999999999937e-01
8.798999999999999488e+01 6.186399999999999677e-01 9.493500000000000549e-02
8.848999999999999488e+01 5.614000000000000101e-01 7.401000000000000634e-02
8.898999999999999488e+01 5.994000000000000439e-01 7.480599999999999750e-02
8.948999999999999488e+01 6.571000000000000174e-01 8.441700000000000592e-02
8.998999999999999488e+01 6.013199999999999656e-01 8.068100000000000271e-02
9.048999999999999488e+01 5.525700000000000056e-01 7.734299999999999509e-02
9.098999999999999488e+01 6.376399999999999846e-01 9.744300000000000184e-02
9.148999999999999488e+01 7.080600000000000227e-01 1.289899999999999936e-01
9.198999999999999488e+01 6.626699999999999813e-01 1.294200000000000073e-01
9.248999999999999488e+01 6.438700000000000534e-01 1.156200000000000006e-01
9.298999999999999488e+01 7.348999999999999977e-01 1.174499999999999988e-01
9.348999999999999488e+01 7.881000000000000227e-01 1.179899999999999977e-01
9.398999999999999488e+01 6.957400000000000251e-01 1.015599999999999975e-01
9.448999999999999488e+01 6.332699999999999996e-01 6.527399999999999869e-02
9.498999999999999488e+01 6.643200000000000216e-01 4.798899999999999694e-02
9.548999999999999488e+01 6.756299999999999528e-01 5.501400000000000040e-02
9.598999999999999488e+01 6.238799999999999901e-01 5.013200000000000295e-02
9.648999999999999488e+01 6.150700000000000056e-01 6.680099999999999927e-02
9.698999999999999488e+01 7.226299999999999946e-01 9.819700000000000650e-02
9.748999999999999488e+01 8.151800000000000157e-01 1.062300000000000050e-01
9.798999999999999488e+01 7.831000000000000183e-01 1.194400000000000045e-01
9.848999999999999488e+01 7.625199999999999756e-01 1.457700000000000107e-01
9.898999999999999488e+01 8.716300000000000159e-01 1.513899999999999968e-01
9.948999999999999488e+01 9.228100000000000191e-01 1.557099999999999873e-01
9.998999999999999488e+01 8.292500000000000426e-01 1.360200000000000020e-01
1.004899999999999949e+02 7.961300000000000043e-01 1.087999999999999939e-01
1.009899999999999949e+02 8.996600000000000152e-01 1.002600000000000019e-01
1.014899999999999949e+02 9.590199999999999836e-01 9.316000000000000669e-02
1.019899999999999949e+02 8.970099999999999740e-01 7.968000000000000083e-02
1.024899999999999949e+02 8.967800000000000216e-01 6.776500000000000579e-02
1.029899999999999949e+02 9.775800000000000045e-01 6.745299999999999907e-02
1.034899999999999949e+02 9.261300000000000088e-01 8.439800000000000080e-02
1.039899999999999949e+02 7.708099999999999952e-01 1.147600000000000009e-01
1.044899999999999949e+02 7.366000000000000325e-01 1.479199999999999959e-01
1.049899999999999949e+02 8.232899999999999663e-01 1.765299999999999925e-01
1.054899999999999949e+02 8.348200000000000065e-01 1.710000000000000131e-01
1.059899999999999949e+02 7.854100000000000525e-01 1.517300000000000038e-01
1.064899999999999949e+02 8.413300000000000223e-01 1.348999999999999921e-01
1.069899999999999949e+02 9.821499999999999675e-01 1.189100000000000018e-01
1.074899999999999949e+02 1.000000000000000000e+00 1.031399999999999956e-01
1.079899999999999949e+02 9.012000000000000011e-01 8.892400000000000304e-02
1.084899999999999949e+02 8.944800000000000528e-01 1.104500000000000065e-01
1.089899999999999949e+02 9.482800000000000118e-01 1.534000000000000086e-01
1.094899999999999949e+02 8.635800000000000143e-01 1.815900000000000014e-01
1.099899999999999949e+02 7.000399999999999956e-01 1.890999999999999903e-01
1.104899999999999949e+02 6.335899999999999865e-01 2.112900000000000056e-01
1.109899999999999949e+02 5.988299999999999734e-01 2.371999999999999942e-01
1.114899999999999949e+02 4.735699999999999910e-01 2.124199999999999977e-01
1.119899999999999949e+02 3.341999999999999971e-01 1.605999999999999928e-01
1.124899999999999949e+02 2.785799999999999943e-01 1.349400000000000044e-01
1.129899999999999949e+02 2.548099999999999810e-01 1.254300000000000137e-01
1.134899999999999949e+02 1.955699999999999938e-01 1.015500000000000014e-01
1.139899999999999949e+02 1.379100000000000048e-01 7.543999999999999317e-02
1.144899999999999949e+02 1.115199999999999941e-01 6.187200000000000338e-02
1.149899999999999949e+02 9.961899999999999922e-02 5.046899999999999997e-02
1.154899999999999949e+02 8.518299999999999483e-02 3.536099999999999660e-02
1.159899999999999949e+02 5.546199999999999741e-02 3.082299999999999970e-02
1.164899999999999949e+02 4.235699999999999882e-02 2.943899999999999989e-02
1.169899999999999949e+02 3.727199999999999958e-02 1.939600000000000005e-02
1.174899999999999949e+02 2.927599999999999994e-02 1.487400000000000007e-02
1.179899999999999949e+02 2.131200000000000108e-02 1.438200000000000069e-02
1.184899999999999949e+02 2.777599999999999861e-02 1.487899999999999986e-02
1.189899999999999949e+02 1.946700000000000166e-02 1.583400000000000085e-02
1.194899999999999949e+02 1.237599999999999985e-02 2.168199999999999988e-02
1.199899999999999949e+02 2.499399999999999886e-02 2.302099999999999980e-02
1.204899999999999949e+02 1.679399999999999990e-02 2.359899999999999845e-02
1.209899999999999949e+02 1.718499999999999889e-02 1.362799999999999949e-02
1.214899999999999949e+02 1.812000000000000069e-02 1.146600000000000050e-02
1.219899999999999949e+02 1.959800000000000084e-02 1.333299999999999937e-02
1.224899999999999949e+02 2.020599999999999827e-02 1.463899999999999924e-02
1.229899999999999949e+02 1.117399999999999990e-02 1.831999999999999948e-02
1.234899999999999949e+02 4.403400000000000022e-03 1.402499999999999927e-02
1.239899999999999949e+02 8.058299999999999144e-03 1.583999999999999991e-02
1.244899999999999949e+02 9.876100000000000503e-03 1.465100000000000083e-02
