6.598999999999999488e+01 4.128400000000000125e-02
6.648999999999999488e+01 8.085399999999999532e-02
6.698999999999999488e+01 9.297500000000000209e-02
6.748999999999999488e+01 5.679800000000000126e-02
6.798999999999999488e+01 1.781800000000000050e-02
6.848999999999999488e+01 2.637700000000000114e-02
6.898999999999999488e+01 4.099499999999999672e-02
6.948999999999999488e+01 5.519000000000000294e-02
6.998999999999999488e+01 6.645600000000000118e-02
7.048999999999999488e+01 3.837200000000000333e-02
7.098999999999999488e+01 6.529999999999999694e-02
7.148999999999999488e+01 9.020200000000000440e-02
7.198999999999999488e+01 9.656199999999999506e-02
7.248999999999999488e+01 1.252699999999999925e-01
7.298999999999999488e+01 1.422200000000000131e-01
7.348999999999999488e+01 1.539899999999999880e-01
7.398999999999999488e+01 1.723800000000000054e-01
7.448999999999999488e+01 1.741000000000000048e-01
7.498999999999999488e+01 1.887900000000000134e-01
7.548999999999999488e+01 2.528199999999999892e-01
7.598999999999999488e+01 2.922399999999999998e-01
7.648999999999999488e+01 2.712399999999999811e-01
7.698999999999999488e+01 2.947799999999999865e-01
7.748999999999999488e+01 3.522700000000000276e-01
7.798999999999999488e+01 3.786700000000000066e-01
7.848999999999999488e+01 3.545599999999999863e-01
7.898999999999999488e+01 3.702699999999999880e-01
7.948999999999999488e+01 4.387199999999999989e-01
7.998999999999999488e+01 4.569199999999999928e-01
8.048999999999999488e+01 4.415899999999999825e-01
8.098999999999999488e+01 5.112299999999999622e-01
8.148999999999999488e+01 5.659999999999999476e-01
8.198999999999999488e+01 5.147500000000000409e-01
8.248999999999999488e+01 4.381599999999999939e-01
8.298999999999999488e+01 4.298899999999999944e-01
8.348999999999999488e+01 4.699099999999999944e-01
8.398999999999999488e+01 4.362599999999999811e-01
8.448999999999999488e+01 4.041699999999999737e-01
8.498999999999999488e+01 4.667299999999999782e-01
8.548999999999999488e+01 5.444400000000000350e-01
8.598999999999999488e+01 5.446499999999999675e-01
8.648999999999999488e+01 5.342999999999999972e-01
8.698999999999999488e+01 5.815599999999999659e-01
8.748999999999999488e+01 6.467800000000000216e-01
8.798999999999999488e+01 6.186399999999999677e-01
8.848999999999999488e+01 5.614000000000000101e-01
8.898999999999999488e+01 5.994000000000000439e-01
8.948999999999999488e+01 6.571000000000000174e-01
8.998999999999999488e+01 6.013199999999999656e-01
9.048999999999999488e+01 5.525700000000000056e-01
9.098999999999999488e+01 6.376399999999999846e-01
9.148999999999999488e+01 7.080600000000000227e-01
9.198999999999999488e+01 6.626699999999999813e-01
9.248999999999999488e+01 6.438700000000000534e-01
9.298999999999999488e+01 7.348999999999999977e-01
9.348999999999999488e+01 7.881000000000000227e-01
9.398999999999999488e+01 6.957400000000000251e-01
9.448999999999999488e+01 6.332699999999999996e-01
9.498999999999999488e+01 6.643200000000000216e-01
9.548999999999999488e+01 6.756299999999999528e-01
9.598999999999999488e+01 6.238799999999999901e-01
9.648999999999999488e+01 6.150700000000000056e-01
9.698999999999999488e+01 7.226299999999999946e-01
9.748999999999999488e+01 8.151800000000000157e-01
9.798999999999999488e+01 7.831000000000000183e-01
9.848999999999999488e+01 7.625199999999999756e-01
9.898999999999999488e+01 8.716300000000000159e-01
9.948999999999999488e+01 9.228100000000000191e-01
9.998999999999999488e+01 8.292500000000000426e-01
1.004899999999999949e+02 7.961300000000000043e-01
1.009899999999999949e+02 8.996600000000000152e-01
1.014899999999999949e+02 9.590199999999999836e-01
1.019899999999999949e+02 8.970099999999999740e-01
1.024899999999999949e+02 8.967800000000000216e-01
1.029899999999999949e+02 9.775800000000000045e-01
1.034899999999999949e+02 9.261300000000000088e-01
1.039899999999999949e+02 7.708099999999999952e-01
1.044899999999999949e+02 7.366000000000000325e-01
1.049899999999999949e+02 8.232899999999999663e-01
1.054899999999999949e+02 8.348200000000000065e-01
1.059899999999999949e+02 7.854100000000000525e-01
1.064899999999999949e+02 8.413300000000000223e-01
1.069899999999999949e+02 9.821499999999999675e-01
1.074899999999999949e+02 1.000000000000000000e+00
1.079899999999999949e+02 9.012000000000000011e-01
1.084899999999999949e+02 8.944800000000000528e-01
1.089899999999999949e+02 9.482800000000000118e-01
1.094899999999999949e+02 8.635800000000000143e-01
1.099899999999999949e+02 7.000399999999999956e-01
1.104899999999999949e+02 6.335899999999999865e-01
1.109899999999999949e+02 5.988299999999999734e-01
1.114899999999999949e+02 4.735699999999999910e-01
1.119899999999999949e+02 3.341999999999999971e-01
1.124899999999999949e+02 2.785799999999999943e-01
1.129899999999999949e+02 2.548099999999999810e-01
1.134899999999999949e+02 1.955699999999999938e-01
1.139899999999999949e+02 1.379100000000000048e-01
1.144899999999999949e+02 1.115199999999999941e-01
1.149899999999999949e+02 9.961899999999999922e-02
1.154899999999999949e+02 8.518299999999999483e-02
1.159899999999999949e+02 5.546199999999999741e-02
1.164899999999999949e+02 4.235699999999999882e-02
1.169899999999999949e+02 3.727199999999999958e-02
1.174899999999999949e+02 2.927599999999999994e-02
1.179899999999999949e+02 2.131200000000000108e-02
1.184899999999999949e+02 2.777599999999999861e-02
1.189899999999999949e+02 1.946700000000000166e-02
1.194899999999999949e+02 1.237599999999999985e-02
1.199899999999999949e+02 2.499399999999999886e-02
1.204899999999999949e+02 1.679399999999999990e-02
1.209899999999999949e+02 1.718499999999999889e-02
1.214899999999999949e+02 1.812000000000000069e-02
1.219899999999999949e+02 1.959800000000000084e-02
1.224899999999999949e+02 2.020599999999999827e-02
1.229899999999999949e+02 1.117399999999999990e-02
1.234899999999999949e+02 4.403400000000000022e-03
1.239899999999999949e+02 8.058299999999999144e-03
1.244899999999999949e+02 9.876100000000000503e-03
1.249899999999999949e+02 7.699199999999999794e-03
1.254899999999999949e+02 1.041899999999999944e-02
1.259899999999999949e+02 1.697500000000000051e-02
1.264899999999999949e+02 2.060000000000000026e-02
1.269899999999999949e+02 1.324000000000000003e-02
1.274899999999999949e+02 1.083499999999999915e-02
1.279899999999999949e+02 1.611699999999999938e-02
1.284900000000000091e+02 1.366700000000000033e-02
1.289900000000000091e+02 1.377300000000000052e-02
1.294900000000000091e+02 1.611800000000000038e-02
1.299900000000000091e+02 1.002199999999999966e-02
1.304900000000000091e+02 9.384800000000000433e-03
1.309900000000000091e+02 1.515700000000000033e-02
1.314900000000000091e+02 8.035099999999999881e-03
1.319900000000000091e+02 1.201100000000000084e-02
1.324900000000000091e+02 1.655799999999999980e-02
1.329900000000000091e+02 1.070600000000000024e-02
1.334900000000000091e+02 1.239900000000000030e-02
1.339900000000000091e+02 9.074999999999999734e-03
1.344900000000000091e+02 4.990099999999999918e-03
1.349900000000000091e+02 5.166999999999999718e-03
1.354900000000000091e+02 2.375899999999999800e-03
1.359900000000000091e+02 3.338600000000000161e-03
1.364900000000000091e+02 1.220300000000000031e-02
1.369900000000000091e+02 1.417000000000000030e-02
1.374900000000000091e+02 1.059299999999999999e-02
1.379900000000000091e+02 1.474699999999999969e-02
1.384900000000000091e+02 1.325400000000000016e-02
1.389900000000000091e+02 9.509999999999999357e-03
1.394900000000000091e+02 6.688900000000000227e-03
1.399900000000000091e+02 1.128200000000000036e-02
1.404900000000000091e+02 1.087899999999999978e-02
1.409799999999999898e+02 5.948300000000000115e-03
1.414799999999999898e+02 1.072799999999999969e-02
1.419799999999999898e+02 8.464499999999999802e-03
1.424799999999999898e+02 1.307000000000000002e-02
1.429799999999999898e+02 1.629200000000000093e-02
1.434799999999999898e+02 8.916000000000000314e-03
1.439799999999999898e+02 5.375500000000000070e-03
1.444799999999999898e+02 7.761900000000000396e-03
1.449799999999999898e+02 1.095600000000000046e-02
1.454799999999999898e+02 6.513999999999999825e-03
1.459799999999999898e+02 6.480399999999999876e-03
1.464799999999999898e+02 1.055500000000000015e-02
1.469799999999999898e+02 1.124799999999999932e-02
1.474799999999999898e+02 1.077099999999999932e-02
1.479799999999999898e+02 8.008799999999999947e-03
1.484799999999999898e+02 3.817599999999999986e-03
1.489799999999999898e+02 7.624699999999999880e-03
1.494799999999999898e+02 1.072399999999999916e-02
1.499799999999999898e+02 1.055900000000000068e-02
1.504799999999999898e+02 1.069799999999999918e-02
1.509799999999999898e+02 9.035299999999999582e-03
1.514799999999999898e+02 8.877599999999999381e-03
1.519799999999999898e+02 3.428599999999999964e-03
1.524799999999999898e+02 7.344299999999999787e-03
1.529799999999999898e+02 1.226400000000000060e-02
1.534799999999999898e+02 7.889900000000000038e-03
1.539799999999999898e+02 3.796299999999999848e-03
1.544799999999999898e+02 5.819699999999999700e-03
1.549799999999999898e+02 8.448999999999999913e-03
1.554799999999999898e+02 7.686600000000000030e-03
1.559799999999999898e+02 7.434900000000000363e-03
1.564799999999999898e+02 8.514900000000000593e-03
1.569799999999999898e+02 6.690899999999999626e-03
1.574799999999999898e+02 6.565500000000000155e-03
1.579799999999999898e+02 1.003099999999999999e-02
1.584799999999999898e+02 1.368100000000000045e-02
1.589799999999999898e+02 1.169399999999999953e-02
1.594799999999999898e+02 8.108999999999999889e-03
1.599799999999999898e+02 9.969999999999999696e-03
1.604799999999999898e+02 1.024100000000000010e-02
1.609799999999999898e+02 6.421299999999999578e-03
1.614799999999999898e+02 4.209199999999999747e-03
1.619799999999999898e+02 5.801999999999999866e-03
1.624799999999999898e+02 8.585000000000000617e-03
1.629799999999999898e+02 7.747699999999999726e-03
1.634799999999999898e+02 8.048200000000000146e-03
1.639799999999999898e+02 1.010800000000000066e-02
1.644799999999999898e+02 9.354799999999999921e-03
1.649799999999999898e+02 6.355500000000000038e-03
1.654799999999999898e+02 7.824499999999999858e-03
1.659799999999999898e+02 1.028699999999999927e-02
1.664799999999999898e+02 7.558900000000000341e-03
1.669799999999999898e+02 8.367700000000000485e-03
1.674799999999999898e+02 8.484999999999999487e-03
1.679799999999999898e+02 5.767300000000000378e-03
1.684799999999999898e+02 6.099799999999999840e-03
1.689799999999999898e+02 7.557499999999999982e-03
1.694799999999999898e+02 3.964299999999999595e-03
1.699799999999999898e+02 5.613599999999999840e-03
1.704799999999999898e+02 8.633500000000000549e-03
1.709799999999999898e+02 5.764100000000000300e-03
1.714799999999999898e+02 5.122800000000000270e-03
1.719799999999999898e+02 7.229799999999999768e-03
1.724799999999999898e+02 5.885999999999999739e-03
1.729799999999999898e+02 7.677299999999999749e-03
1.734799999999999898e+02 9.547599999999999837e-03
1.739799999999999898e+02 7.843299999999999231e-03
1.744799999999999898e+02 5.246999999999999928e-03
1.749799999999999898e+02 4.895599999999999952e-03
1.754799999999999898e+02 3.033399999999999899e-03
1.759799999999999898e+02 5.370899999999999633e-03
1.764799999999999898e+02 5.829100000000000253e-03
1.769799999999999898e+02 4.084700000000000136e-03
1.774799999999999898e+02 5.055099999999999871e-03
1.779799999999999898e+02 6.138600000000000133e-03
1.784799999999999898e+02 5.271399999999999871e-03
1.789799999999999898e+02 4.509400000000000214e-03
1.794799999999999898e+02 5.832900000000000237e-03
1.799799999999999898e+02 5.319599999999999849e-03
1.801599999999999966e+02 5.000000000000000104e-03
1.812599999999999909e+02 3.399999999999999811e-03
1.823600000000000136e+02 6.199999999999999782e-03
1.834600000000000080e+02 6.400000000000000307e-03
1.845600000000000023e+02 7.400000000000000328e-03
1.856599999999999966e+02 9.299999999999999239e-03
1.867599999999999909e+02 1.329999999999999932e-02
1.878499999999999943e+02 1.110000000000000049e-02
1.889499999999999886e+02 1.129999999999999928e-02
1.900500000000000114e+02 1.190000000000000085e-02
1.911500000000000057e+02 1.170000000000000033e-02
1.922500000000000000e+02 1.389999999999999916e-02
1.933499999999999943e+02 1.559999999999999928e-02
1.944499999999999886e+02 1.389999999999999916e-02
1.955399999999999920e+02 1.559999999999999928e-02
1.966399999999999864e+02 1.460000000000000013e-02
1.977400000000000091e+02 1.140000000000000041e-02
1.988400000000000034e+02 1.220000000000000077e-02
1.999399999999999977e+02 9.199999999999999845e-03
2.010399999999999920e+02 1.200000000000000025e-02
2.021399999999999864e+02 1.269999999999999948e-02
2.032400000000000091e+02 8.300000000000000086e-03
2.043300000000000125e+02 7.300000000000000065e-03
2.054300000000000068e+02 1.039999999999999952e-02
2.065300000000000011e+02 7.400000000000000328e-03
2.076299999999999955e+02 6.199999999999999782e-03
2.087299999999999898e+02 5.499999999999999681e-03
2.098300000000000125e+02 3.799999999999999992e-03
2.109300000000000068e+02 2.599999999999999881e-03
2.120200000000000102e+02 5.100000000000000366e-03
2.131200000000000045e+02 1.500000000000000031e-03
2.142199999999999989e+02 2.200000000000000133e-03
2.153199999999999932e+02 2.399999999999999790e-03
2.164199999999999875e+02 2.000000000000000096e-04
2.175200000000000102e+02 1.000000000000000048e-04
2.186200000000000045e+02 -1.500000000000000031e-03
2.197100000000000080e+02 2.000000000000000042e-03
2.208100000000000023e+02 3.200000000000000153e-03
2.219099999999999966e+02 -2.999999999999999737e-04
2.230099999999999909e+02 -1.100000000000000066e-03
2.241100000000000136e+02 -1.500000000000000031e-03
