# ACT PA3 90 GHz Bandpass Data — from Rahul Datta (average over 17 individual detector bandpasses measured for PA3 90 GHz)
#col0: frequency [GHz]
#col1: 90 GHz response
5.9990e+01 5.1620e-02
6.0490e+01 9.2393e-02
6.0990e+01 9.7939e-02
6.1490e+01 7.5053e-02
6.1990e+01 5.2317e-02
6.2490e+01 4.7572e-02
6.2990e+01 3.3992e-02
6.3490e+01 3.5748e-02
6.3990e+01 5.3909e-02
6.4490e+01 7.2631e-02
6.4990e+01 7.5467e-02
6.5490e+01 7.3205e-02
6.5990e+01 4.1284e-02
6.6490e+01 8.0854e-02
6.6990e+01 9.2975e-02
6.7490e+01 5.6798e-02
6.7990e+01 1.7818e-02
6.8490e+01 2.6377e-02
6.8990e+01 4.0995e-02
6.9490e+01 5.5190e-02
6.9990e+01 6.6456e-02
7.0490e+01 3.8372e-02
7.0990e+01 6.5300e-02
7.1490e+01 9.0202e-02
7.1990e+01 9.6562e-02
7.2490e+01 1.2527e-01
7.2990e+01 1.4222e-01
7.3490e+01 1.5399e-01
7.3990e+01 1.7238e-01
7.4490e+01 1.7410e-01
7.4990e+01 1.8879e-01
7.5490e+01 2.5282e-01
7.5990e+01 2.9224e-01
7.6490e+01 2.7124e-01
7.6990e+01 2.9478e-01
7.7490e+01 3.5227e-01
7.7990e+01 3.7867e-01
7.8490e+01 3.5456e-01
7.8990e+01 3.7027e-01
7.9490e+01 4.3872e-01
7.9990e+01 4.5692e-01
8.0490e+01 4.4159e-01
8.0990e+01 5.1123e-01
8.1490e+01 5.6600e-01
8.1990e+01 5.1475e-01
8.2490e+01 4.3816e-01
8.2990e+01 4.2989e-01
8.3490e+01 4.6991e-01
8.3990e+01 4.3626e-01
8.4490e+01 4.0417e-01
8.4990e+01 4.6673e-01
8.5490e+01 5.4444e-01
8.5990e+01 5.4465e-01
8.6490e+01 5.3430e-01
8.6990e+01 5.8156e-01
8.7490e+01 6.4678e-01
8.7990e+01 6.1864e-01
8.8490e+01 5.6140e-01
8.8990e+01 5.9940e-01
8.9490e+01 6.5710e-01
8.9990e+01 6.0132e-01
9.0490e+01 5.5257e-01
9.0990e+01 6.3764e-01
9.1490e+01 7.0806e-01
9.1990e+01 6.6267e-01
9.2490e+01 6.4387e-01
9.2990e+01 7.3490e-01
9.3490e+01 7.8810e-01
9.3990e+01 6.9574e-01
9.4490e+01 6.3327e-01
9.4990e+01 6.6432e-01
9.5490e+01 6.7563e-01
9.5990e+01 6.2388e-01
9.6490e+01 6.1507e-01
9.6990e+01 7.2263e-01
9.7490e+01 8.1518e-01
9.7990e+01 7.8310e-01
9.8490e+01 7.6252e-01
9.8990e+01 8.7163e-01
9.9490e+01 9.2281e-01
9.9990e+01 8.2925e-01
1.0049e+02 7.9613e-01
1.0099e+02 8.9966e-01
1.0149e+02 9.5902e-01
1.0199e+02 8.9701e-01
1.0249e+02 8.9678e-01
1.0299e+02 9.7758e-01
1.0349e+02 9.2613e-01
1.0399e+02 7.7081e-01
1.0449e+02 7.3660e-01
1.0499e+02 8.2329e-01
1.0549e+02 8.3482e-01
1.0599e+02 7.8541e-01
1.0649e+02 8.4133e-01
1.0699e+02 9.8215e-01
1.0749e+02 1.0000e+00
1.0799e+02 9.0120e-01
1.0849e+02 8.9448e-01
1.0899e+02 9.4828e-01
1.0949e+02 8.6358e-01
1.0999e+02 7.0004e-01
1.1049e+02 6.3359e-01
1.1099e+02 5.9883e-01
1.1149e+02 4.7357e-01
1.1199e+02 3.3420e-01
1.1249e+02 2.7858e-01
1.1299e+02 2.5481e-01
1.1349e+02 1.9557e-01
1.1399e+02 1.3791e-01
1.1449e+02 1.1152e-01
1.1499e+02 9.9619e-02
1.1549e+02 8.5183e-02
1.1599e+02 5.5462e-02
1.1649e+02 4.2357e-02
1.1699e+02 3.7272e-02
1.1749e+02 2.9276e-02
1.1799e+02 2.1312e-02
1.1849e+02 2.7776e-02
1.1899e+02 1.9467e-02
1.1949e+02 1.2376e-02
1.1999e+02 2.4994e-02
1.2049e+02 1.6794e-02
1.2099e+02 1.7185e-02
1.2149e+02 1.8120e-02
1.2199e+02 1.9598e-02
1.2249e+02 2.0206e-02
1.2299e+02 1.1174e-02
1.2349e+02 4.4034e-03
1.2399e+02 8.0583e-03
1.2449e+02 9.8761e-03
1.2499e+02 7.6992e-03
1.2549e+02 1.0419e-02
1.2599e+02 1.6975e-02
1.2649e+02 2.0600e-02
1.2699e+02 1.3240e-02
1.2749e+02 1.0835e-02
1.2799e+02 1.6117e-02
1.2849e+02 1.3667e-02
1.2899e+02 1.3773e-02
1.2949e+02 1.6118e-02
1.2999e+02 1.0022e-02
1.3049e+02 9.3848e-03
1.3099e+02 1.5157e-02
1.3149e+02 8.0351e-03
1.3199e+02 1.2011e-02
1.3249e+02 1.6558e-02
1.3299e+02 1.0706e-02
1.3349e+02 1.2399e-02
1.3399e+02 9.0750e-03
1.3449e+02 4.9901e-03
1.3499e+02 5.1670e-03
1.3549e+02 2.3759e-03
1.3599e+02 3.3386e-03
1.3649e+02 1.2203e-02
1.3699e+02 1.4170e-02
1.3749e+02 1.0593e-02
1.3799e+02 1.4747e-02
1.3849e+02 1.3254e-02
1.3899e+02 9.5100e-03
1.3949e+02 6.6889e-03
1.3999e+02 1.1282e-02
1.4049e+02 1.0879e-02
1.4098e+02 5.9483e-03
1.4148e+02 1.0728e-02
1.4198e+02 8.4645e-03
1.4248e+02 1.3070e-02
1.4298e+02 1.6292e-02
1.4348e+02 8.9160e-03
1.4398e+02 5.3755e-03
1.4448e+02 7.7619e-03
1.4498e+02 1.0956e-02
1.4548e+02 6.5140e-03
1.4598e+02 6.4804e-03
1.4648e+02 1.0555e-02
1.4698e+02 1.1248e-02
1.4748e+02 1.0771e-02
1.4798e+02 8.0088e-03
1.4848e+02 3.8176e-03
1.4898e+02 7.6247e-03
1.4948e+02 1.0724e-02
1.4998e+02 1.0559e-02
1.5048e+02 1.0698e-02
1.5098e+02 9.0353e-03
1.5148e+02 8.8776e-03
1.5198e+02 3.4286e-03
1.5248e+02 7.3443e-03
1.5298e+02 1.2264e-02
1.5348e+02 7.8899e-03
1.5398e+02 3.7963e-03
1.5448e+02 5.8197e-03
1.5498e+02 8.4490e-03
1.5548e+02 7.6866e-03
1.5598e+02 7.4349e-03
1.5648e+02 8.5149e-03
1.5698e+02 6.6909e-03
1.5748e+02 6.5655e-03
1.5798e+02 1.0031e-02
1.5848e+02 1.3681e-02
1.5898e+02 1.1694e-02
1.5948e+02 8.1090e-03
1.5998e+02 9.9700e-03
1.6048e+02 1.0241e-02
1.6098e+02 6.4213e-03
1.6148e+02 4.2092e-03
1.6198e+02 5.8020e-03
1.6248e+02 8.5850e-03
1.6298e+02 7.7477e-03
1.6348e+02 8.0482e-03
1.6398e+02 1.0108e-02
1.6448e+02 9.3548e-03
1.6498e+02 6.3555e-03
1.6548e+02 7.8245e-03
1.6598e+02 1.0287e-02
1.6648e+02 7.5589e-03
1.6698e+02 8.3677e-03
1.6748e+02 8.4850e-03
1.6798e+02 5.7673e-03
1.6848e+02 6.0998e-03
1.6898e+02 7.5575e-03
1.6948e+02 3.9643e-03
1.6998e+02 5.6136e-03
1.7048e+02 8.6335e-03
1.7098e+02 5.7641e-03
1.7148e+02 5.1228e-03
1.7198e+02 7.2298e-03
1.7248e+02 5.8860e-03
1.7298e+02 7.6773e-03
1.7348e+02 9.5476e-03
1.7398e+02 7.8433e-03
1.7448e+02 5.2470e-03
1.7498e+02 4.8956e-03
1.7548e+02 3.0334e-03
1.7598e+02 5.3709e-03
1.7648e+02 5.8291e-03
1.7698e+02 4.0847e-03
1.7748e+02 5.0551e-03
1.7798e+02 6.1386e-03
1.7848e+02 5.2714e-03
1.7898e+02 4.5094e-03
1.7948e+02 5.8329e-03
1.7998e+02 5.3196e-03
1.8048e+02 3.8095e-03
1.8098e+02 1.2354e-03
1.8148e+02 3.2493e-03
1.8198e+02 8.2574e-03
1.8248e+02 6.5572e-03
1.8298e+02 4.0458e-03
1.8348e+02 5.4808e-03
1.8398e+02 6.8140e-03
1.8448e+02 5.0489e-03
1.8498e+02 4.5470e-03
1.8548e+02 5.3448e-03
1.8598e+02 5.0873e-03
1.8648e+02 5.0131e-03
1.8698e+02 4.7238e-03
1.8748e+02 5.2977e-03
1.8798e+02 4.6770e-03
1.8848e+02 3.6734e-03
1.8898e+02 5.8773e-03
1.8948e+02 6.7322e-03
1.8998e+02 3.1483e-03
1.9048e+02 5.6454e-03
1.9098e+02 7.5184e-03
1.9148e+02 5.2362e-03
1.9198e+02 6.8986e-03
1.9248e+02 7.9567e-03
1.9298e+02 7.6118e-03
1.9348e+02 6.2206e-03
1.9398e+02 5.0781e-03
1.9448e+02 7.4591e-03
1.9498e+02 5.6285e-03
1.9548e+02 3.4754e-03
1.9598e+02 3.6232e-03
1.9648e+02 2.8309e-03
1.9698e+02 4.5892e-03
1.9748e+02 6.5766e-03
1.9798e+02 6.4435e-03
1.9848e+02 6.1083e-03
1.9898e+02 6.7146e-03
1.9948e+02 8.0411e-03
1.9998e+02 8.7900e-03
2.0048e+02 5.2952e-03
2.0098e+02 3.4675e-03
2.0148e+02 5.1321e-03
2.0198e+02 5.6323e-03
2.0248e+02 4.5902e-03
2.0298e+02 4.7525e-03
2.0348e+02 5.5393e-03
2.0398e+02 6.1027e-03
2.0448e+02 6.6724e-03
2.0498e+02 4.1647e-03
2.0548e+02 4.0604e-03
2.0598e+02 6.1998e-03
2.0648e+02 6.2790e-03
2.0698e+02 5.9186e-03
2.0748e+02 5.5638e-03
2.0798e+02 3.8082e-03
2.0848e+02 3.0328e-03
2.0898e+02 2.1832e-03
2.0948e+02 4.6318e-03
2.0998e+02 7.2309e-03
2.1048e+02 4.3198e-03
2.1098e+02 2.9620e-03
2.1148e+02 8.1250e-03
2.1198e+02 7.1355e-03
2.1248e+02 3.2795e-03
2.1298e+02 3.9702e-03
2.1348e+02 6.0656e-03
2.1398e+02 4.7029e-03
2.1448e+02 5.8215e-03
2.1498e+02 7.1839e-03
2.1548e+02 3.2473e-03
2.1598e+02 6.0554e-03
2.1648e+02 8.2920e-03
2.1698e+02 4.8499e-03
2.1748e+02 2.3230e-03
2.1798e+02 5.6045e-03
2.1848e+02 6.8115e-03
2.1898e+02 5.9275e-03
2.1948e+02 6.0681e-03
2.1998e+02 7.7827e-03
2.2048e+02 5.8934e-03
2.2098e+02 2.9418e-03
2.2148e+02 6.6811e-03
2.2198e+02 6.1956e-03
2.2248e+02 4.8481e-03
2.2298e+02 3.6533e-03
2.2348e+02 3.1391e-03
2.2398e+02 1.9656e-03
2.2448e+02 1.7792e-03
2.2498e+02 3.1280e-03
2.2548e+02 2.6723e-03
2.2598e+02 2.6448e-03
2.2648e+02 2.7378e-03
2.2698e+02 4.5357e-03
2.2748e+02 4.6212e-03
2.2798e+02 3.9894e-03
2.2848e+02 4.8655e-03
2.2898e+02 2.0155e-03
2.2948e+02 1.9632e-03
2.2998e+02 3.5209e-03
2.3048e+02 2.8227e-03
2.3098e+02 2.0463e-03
2.3148e+02 2.9887e-03
2.3198e+02 4.3734e-03
2.3248e+02 4.2804e-03
2.3298e+02 4.8985e-03
2.3348e+02 3.5983e-03
2.3398e+02 2.2029e-03
2.3447e+02 4.0462e-03
2.3497e+02 4.7643e-03
2.3547e+02 3.4668e-03
2.3597e+02 2.2797e-03
2.3647e+02 1.7217e-03
2.3697e+02 2.5080e-03
2.3747e+02 3.3680e-03
2.3797e+02 2.1554e-03
2.3847e+02 3.1062e-03
2.3897e+02 5.0891e-03
2.3947e+02 4.6428e-03
2.3997e+02 4.0262e-03
2.4047e+02 3.2226e-03
2.4097e+02 2.4521e-03
2.4147e+02 1.7884e-03
2.4197e+02 2.1686e-03
2.4247e+02 3.7854e-03
2.4297e+02 4.5178e-03
2.4347e+02 3.2228e-03
2.4397e+02 1.4839e-03
2.4447e+02 1.8972e-03
2.4497e+02 2.2792e-03
2.4547e+02 3.7141e-03
2.4597e+02 4.1304e-03
2.4647e+02 4.4907e-03
2.4697e+02 2.0826e-03
2.4747e+02 8.4093e-04
2.4797e+02 2.2789e-03
2.4847e+02 2.3183e-03
2.4897e+02 1.2313e-03
2.4947e+02 2.8246e-03
2.4997e+02 1.8025e-03
2.5047e+02 5.8222e-04
2.5097e+02 2.6162e-03
2.5147e+02 2.2238e-03
2.5197e+02 1.5148e-03
2.5247e+02 2.0026e-03
2.5297e+02 3.7774e-03
2.5347e+02 3.0106e-03
2.5397e+02 1.8047e-03
2.5447e+02 2.2673e-03
2.5497e+02 3.5562e-03
2.5547e+02 3.3412e-03
