1.132600000000000051e+02 -3.000000000000000062e-03 8.200000000000000691e-03
1.151800000000000068e+02 -1.899999999999999996e-03 8.000000000000000167e-03
1.170999999999999943e+02 3.000000000000000062e-03 8.699999999999999400e-03
1.190199999999999960e+02 1.000000000000000048e-04 8.200000000000000691e-03
1.209399999999999977e+02 1.890000000000000013e-02 9.299999999999999239e-03
1.228599999999999994e+02 7.539999999999999480e-02 9.900000000000000813e-03
1.247800000000000011e+02 2.043000000000000094e-01 1.200000000000000025e-02
1.267000000000000028e+02 3.795999999999999930e-01 1.349999999999999985e-02
1.286200000000000045e+02 4.883000000000000118e-01 1.319999999999999993e-02
1.305399999999999920e+02 5.532000000000000250e-01 1.250000000000000069e-02
1.324600000000000080e+02 6.565999999999999615e-01 1.359999999999999924e-02
1.343799999999999955e+02 7.544999999999999485e-01 1.269999999999999948e-02
1.363000000000000114e+02 8.142000000000000348e-01 1.119999999999999989e-02
1.382199999999999989e+02 8.779000000000000137e-01 1.170000000000000033e-02
1.401399999999999864e+02 9.533000000000000362e-01 9.700000000000000289e-03
1.420600000000000023e+02 9.825000000000000400e-01 7.900000000000000772e-03
1.439799999999999898e+02 9.840999999999999748e-01 7.499999999999999722e-03
1.459000000000000057e+02 9.949999999999999956e-01 7.400000000000000328e-03
1.478199999999999932e+02 9.775000000000000355e-01 8.800000000000000530e-03
1.497400000000000091e+02 9.608999999999999764e-01 8.999999999999999320e-03
1.516599999999999966e+02 9.645000000000000240e-01 9.400000000000000369e-03
1.535800000000000125e+02 9.623000000000000442e-01 9.499999999999999764e-03
1.555000000000000000e+02 9.403000000000000247e-01 1.039999999999999952e-02
1.574199999999999875e+02 8.931999999999999940e-01 1.170000000000000033e-02
1.593400000000000034e+02 8.505000000000000338e-01 1.220000000000000077e-02
1.612599999999999909e+02 8.237999999999999767e-01 1.359999999999999924e-02
1.631800000000000068e+02 7.907999999999999474e-01 1.580000000000000154e-02
1.650999999999999943e+02 7.023000000000000353e-01 1.739999999999999880e-02
1.670200000000000102e+02 5.578999999999999515e-01 1.779999999999999985e-02
1.689399999999999977e+02 3.855999999999999983e-01 1.720000000000000001e-02
1.708600000000000136e+02 2.114000000000000046e-01 1.389999999999999916e-02
1.727800000000000011e+02 9.429999999999999494e-02 8.200000000000000691e-03
1.746999999999999886e+02 4.510000000000000120e-02 5.000000000000000104e-03
1.766200000000000045e+02 2.670000000000000151e-02 3.899999999999999821e-03
1.785399999999999920e+02 1.609999999999999973e-02 3.700000000000000164e-03
1.804600000000000080e+02 5.599999999999999943e-03 3.299999999999999982e-03
1.823799999999999955e+02 -5.999999999999999474e-04 3.099999999999999891e-03
1.843000000000000114e+02 -2.299999999999999961e-03 2.899999999999999800e-03
1.862199999999999989e+02 -2.899999999999999800e-03 2.599999999999999881e-03
1.881299999999999955e+02 -4.100000000000000346e-03 2.599999999999999881e-03
