1.727800000000000011e+02 -1.119999999999999989e-02 6.799999999999999621e-03
1.746999999999999886e+02 -7.000000000000000146e-03 6.400000000000000307e-03
1.766200000000000045e+02 -2.799999999999999972e-03 6.400000000000000307e-03
1.785399999999999920e+02 6.300000000000000044e-03 6.799999999999999621e-03
1.804600000000000080e+02 2.409999999999999989e-02 6.599999999999999964e-03
1.823799999999999955e+02 5.619999999999999996e-02 7.499999999999999722e-03
1.843000000000000114e+02 1.297000000000000097e-01 9.799999999999999684e-03
1.862199999999999989e+02 2.351999999999999924e-01 1.260000000000000009e-02
1.881299999999999955e+02 3.625999999999999779e-01 1.499999999999999944e-02
1.900500000000000114e+02 4.665000000000000258e-01 1.569999999999999868e-02
1.919699999999999989e+02 5.455999999999999739e-01 1.739999999999999880e-02
1.938899999999999864e+02 6.203999999999999515e-01 1.820000000000000090e-02
1.958100000000000023e+02 7.014000000000000234e-01 1.830000000000000029e-02
1.977299999999999898e+02 7.728000000000000425e-01 1.810000000000000150e-02
1.996500000000000057e+02 8.256000000000000005e-01 1.799999999999999864e-02
2.015699999999999932e+02 8.748000000000000220e-01 1.739999999999999880e-02
2.034900000000000091e+02 9.155999999999999694e-01 1.619999999999999912e-02
2.054099999999999966e+02 9.475999999999999979e-01 1.559999999999999928e-02
2.073300000000000125e+02 9.689999999999999725e-01 1.549999999999999989e-02
2.092500000000000000e+02 9.869999999999999885e-01 1.450000000000000074e-02
2.111699999999999875e+02 9.893999999999999462e-01 1.409999999999999969e-02
2.130900000000000034e+02 9.828000000000000069e-01 1.389999999999999916e-02
2.150099999999999909e+02 9.810999999999999721e-01 1.370000000000000037e-02
2.169300000000000068e+02 9.759999999999999787e-01 1.329999999999999932e-02
2.188499999999999943e+02 9.560999999999999499e-01 1.260000000000000009e-02
2.207700000000000102e+02 9.234999999999999876e-01 1.179999999999999973e-02
2.226899999999999977e+02 9.010000000000000231e-01 1.179999999999999973e-02
2.246100000000000136e+02 8.935999999999999499e-01 1.159999999999999920e-02
2.265300000000000011e+02 8.945999999999999508e-01 1.239999999999999956e-02
2.284499999999999886e+02 8.894999999999999574e-01 1.359999999999999924e-02
2.303700000000000045e+02 8.735000000000000542e-01 1.389999999999999916e-02
2.322899999999999920e+02 8.544000000000000483e-01 1.359999999999999924e-02
2.342100000000000080e+02 8.381999999999999451e-01 1.389999999999999916e-02
2.361299999999999955e+02 8.224000000000000199e-01 1.370000000000000037e-02
2.380500000000000114e+02 8.025999999999999801e-01 1.389999999999999916e-02
2.399699999999999989e+02 7.859000000000000430e-01 1.409999999999999969e-02
2.418899999999999864e+02 7.642999999999999794e-01 1.420000000000000082e-02
2.438100000000000023e+02 7.298999999999999932e-01 1.370000000000000037e-02
2.457299999999999898e+02 6.903000000000000247e-01 1.400000000000000029e-02
2.476500000000000057e+02 6.493999999999999773e-01 1.389999999999999916e-02
2.495699999999999932e+02 6.069999999999999840e-01 1.340000000000000045e-02
2.514900000000000091e+02 5.745000000000000107e-01 1.299999999999999940e-02
2.534099999999999966e+02 5.563000000000000167e-01 1.299999999999999940e-02
2.553300000000000125e+02 5.551000000000000378e-01 1.250000000000000069e-02
2.572500000000000000e+02 5.540000000000000480e-01 1.269999999999999948e-02
2.591700000000000159e+02 5.332999999999999963e-01 1.329999999999999932e-02
2.610899999999999750e+02 4.865999999999999770e-01 1.389999999999999916e-02
2.630099999999999909e+02 4.123999999999999888e-01 1.490000000000000005e-02
2.649300000000000068e+02 3.180999999999999939e-01 1.499999999999999944e-02
2.668500000000000227e+02 2.185999999999999888e-01 1.299999999999999940e-02
2.687699999999999818e+02 1.390000000000000124e-01 9.700000000000000289e-03
2.706899999999999977e+02 8.759999999999999731e-02 6.899999999999999883e-03
2.726100000000000136e+02 6.270000000000000573e-02 5.599999999999999943e-03
2.745299999999999727e+02 5.419999999999999818e-02 5.400000000000000286e-03
2.764499999999999886e+02 4.839999999999999858e-02 4.899999999999999842e-03
2.783700000000000045e+02 3.810000000000000192e-02 4.499999999999999660e-03
2.802900000000000205e+02 2.649999999999999925e-02 4.400000000000000265e-03
2.821999999999999886e+02 1.349999999999999985e-02 3.799999999999999992e-03
2.841200000000000045e+02 0.000000000000000000e+00 3.099999999999999891e-03
2.860400000000000205e+02 -5.199999999999999761e-03 2.599999999999999881e-03
2.879599999999999795e+02 -7.199999999999999803e-03 2.500000000000000052e-03
2.898799999999999955e+02 -8.099999999999999561e-03 2.200000000000000133e-03
