# ACT PA5 Bandpass Data — extracted by Colin H. from Jeff M.’s Keynote file (FTS_2017.key)
#col0: frequency [GHz]
#col1: 90 GHz response
#col2: 90 GHz error on response from bootstrap
#col3: 150 GHz response
#col4: 150 GHz error on response from bootstrap
1.09 -1231.9959 91.6249 -1600.022 145.9964
2.19 -52.0875 41.8551 -93.6821 51.7144
3.29 236.6112 49.3469 273.142 61.3059
4.39 168.8101 28.3355 220.8861 44.9346
5.49 102.1193 18.3457 134.6728 24.6026
6.59 68.04 11.9725 89.763 14.6731
7.69 36.0748 6.4752 56.2769 10.8404
8.78 24.1474 5.4067 42.2847 9.5823
9.88 19.9481 3.7863 32.0209 6.6258
10.98 14.5411 3.1722 24.9393 4.762
12.08 8.8816 2.3382 18.7286 3.8392
13.18 5.476 1.6382 14.429 2.925
14.28 4.6058 1.3622 9.0907 2.0853
15.38 3.8272 1.0772 7.2013 1.6067
16.47 3.2332 0.9479 5.7879 1.342
17.57 3.3669 0.8146 4.5361 1.1329
18.67 2.3718 0.8864 4.1232 0.893
19.77 1.4761 0.731 3.2981 0.7742
20.87 1.3241 0.6388 2.6091 0.6953
21.97 1.1347 0.5026 2.1686 0.6128
23.07 0.9212 0.4352 1.4104 0.4784
24.16 0.5542 0.3612 1.1542 0.4248
25.26 0.5056 0.3413 1.0959 0.4705
26.36 0.3962 0.3422 0.754 0.3475
27.46 0.2579 0.318 0.4334 0.2609
28.56 0.2869 0.2705 0.3873 0.2423
29.66 0.3637 0.2499 0.6666 0.2741
30.76 0.2828 0.2282 0.6139 0.261
31.85 0.148 0.1947 0.2569 0.1995
32.95 0.1217 0.1706 0.0989 0.1977
34.05 0.1942 0.1429 0.2935 0.1833
35.15 0.1024 0.143 0.3691 0.1756
36.25 0.0738 0.1542 0.2621 0.175
37.35 0.0265 0.137 0.1657 0.1552
38.45 0.0183 0.1241 0.1866 0.1216
39.54 0.1465 0.1168 0.1359 0.1506
40.64 0.1017 0.1275 0.1855 0.1363
41.74 0.0848 0.1115 0.2214 0.1354
42.84 0.0454 0.1098 0.1706 0.1249
43.94 0.0056 0.0922 0.1037 0.1081
45.04 0.0065 0.081 0.0489 0.0969
46.14 0.0501 0.0906 0.1331 0.0931
47.23 0.0271 0.0754 0.0519 0.0877
48.33 0.0344 0.0803 0.0472 0.0758
49.43 0.071 0.079 0.0175 0.083
50.53 0.071 0.0722 0.0501 0.0844
51.63 -0.0058 0.0599 0.032 0.0727
52.73 -0.0392 0.059 0.0235 0.0683
53.83 -0.0337 0.0575 0.0326 0.0779
54.92 0.0347 0.0611 -0.0021 0.0591
56.02 0.0432 0.0511 -0.0012 0.0538
57.12 0.0246 0.0533 -0.0131 0.0491
58.22 0.0078 0.0502 0.0307 0.0525
59.32 0.0235 0.048 0.0771 0.0519
60.42 0.0552 0.047 0.043 0.0478
61.52 0.0003 0.042 0.0452 0.0471
62.61 0.018 0.044 0.0109 0.0472
63.71 0.0376 0.042 -0.0085 0.0461
64.81 0.0461 0.0428 -0.0118 0.0412
65.91 -0.0193 0.0356 0.0088 0.0396
67.01 -0.0336 0.0358 0.0144 0.0406
68.11 -0.0096 0.0329 0.0217 0.0402
69.21 -0.0117 0.0335 0.0118 0.0355
70.31 -0.0263 0.031 -0.0051 0.0392
71.4 -0.0054 0.0327 0.0164 0.0357
72.5 0.0111 0.0336 0.0526 0.0346
73.6 -0.0123 0.0316 0.0123 0.034
74.7 0.016 0.0313 -0.003 0.0304
75.8 0.0161 0.0325 0.0135 0.0306
76.9 0.0276 0.0287 -0.0189 0.0296
78.0 0.018 0.0284 -0.0402 0.0253
79.09 0.0754 0.0329 -0.0068 0.0303
80.19 0.1882 0.0364 -0.0207 0.0299
81.29 0.263 0.0375 -0.0344 0.0306
82.39 0.2734 0.0347 -0.0173 0.0267
83.49 0.2388 0.032 -0.0479 0.0228
84.59 0.2669 0.0299 -0.032 0.0229
85.69 0.308 0.034 -0.0359 0.0221
86.78 0.3264 0.0345 -0.0121 0.024
87.88 0.3917 0.0395 -0.0058 0.0231
88.98 0.4964 0.0423 -0.0012 0.021
90.08 0.5595 0.0401 -0.0198 0.0218
91.18 0.5951 0.0401 -0.0338 0.0189
92.28 0.6481 0.0376 -0.0336 0.0215
93.38 0.7183 0.0371 -0.0382 0.0217
94.47 0.8012 0.0372 -0.037 0.0201
95.57 0.8529 0.0371 -0.0217 0.0232
96.67 0.8867 0.0356 -0.0332 0.0175
97.77 0.9312 0.0345 -0.0377 0.0158
98.87 0.9805 0.0337 -0.0357 0.0176
99.97 1.0 0.0342 -0.0236 0.0167
101.07 0.9672 0.0319 -0.026 0.0164
102.16 0.9183 0.0323 -0.0452 0.0167
103.26 0.8544 0.032 -0.0314 0.0171
104.36 0.7971 0.0307 -0.0155 0.0168
105.46 0.733 0.0333 -0.0314 0.0159
106.56 0.628 0.0359 -0.0222 0.0143
107.66 0.4851 0.0362 -0.0265 0.0153
108.76 0.3074 0.0323 -0.0229 0.0147
109.85 0.1722 0.0253 -0.0299 0.0154
110.95 0.0969 0.0192 -0.0176 0.0162
112.05 0.0364 0.0151 -0.0083 0.0165
113.15 -0.0002 0.013 -0.0058 0.0144
114.25 0.0029 0.0125 -0.0255 0.0144
115.35 -0.012 0.0116 -0.0201 0.0123
116.45 -0.0052 0.0108 -0.0327 0.0125
117.54 -0.0051 0.0113 -0.0326 0.0121
118.64 -0.0065 0.0109 -0.019 0.0109
119.74 -0.0099 0.0116 -0.018 0.0106
120.84 -0.0003 0.0104 -0.0155 0.0097
121.94 -0.0061 0.0093 -0.0182 0.0121
123.04 -0.0066 0.01 -0.0155 0.0123
124.14 -0.0037 0.011 -0.0119 0.0136
125.23 -0.0061 0.0111 0.0089 0.0155
126.33 -0.0067 0.0109 0.0522 0.0167
127.43 -0.0087 0.0094 0.1062 0.0198
128.53 -0.0159 0.0085 0.181 0.0226
129.63 -0.0163 0.0084 0.2672 0.025
130.73 -0.0182 0.0073 0.3551 0.0237
131.83 -0.0113 0.0087 0.4187 0.0235
132.93 -0.0062 0.01 0.4438 0.024
134.02 0.0008 0.0094 0.453 0.0255
135.12 -0.0023 0.009 0.4909 0.0255
136.22 -0.0076 0.0084 0.5295 0.0247
137.32 -0.0072 0.0075 0.55 0.0245
138.42 -0.0098 0.0076 0.5524 0.0251
139.52 -0.0092 0.0071 0.5491 0.0232
140.62 -0.0051 0.008 0.5681 0.0239
141.71 -0.0028 0.0076 0.5942 0.0254
142.81 -0.0106 0.0076 0.6369 0.0265
143.91 -0.0118 0.0068 0.7072 0.0282
145.01 -0.0034 0.0074 0.7741 0.0276
146.11 -0.0029 0.0075 0.8381 0.0291
147.21 -0.0064 0.0073 0.8969 0.028
148.31 -0.005 0.0065 0.9487 0.0276
149.4 -0.0084 0.0065 0.9866 0.0278
150.5 -0.0088 0.0064 1.0 0.0284
151.6 -0.0053 0.0066 0.9996 0.0288
152.7 0.0 0.0073 0.9849 0.0291
153.8 0.0042 0.0076 0.9744 0.0277
154.9 -0.002 0.0061 0.9672 0.0297
156.0 -0.0072 0.0069 0.9514 0.0312
157.09 -0.0055 0.0068 0.9247 0.0307
158.19 0.0055 0.0069 0.8789 0.0314
159.29 -0.0001 0.0068 0.808 0.0307
160.39 -0.0021 0.006 0.7359 0.0274
161.49 -0.003 0.0057 0.6668 0.0258
162.59 0.0021 0.007 0.6065 0.0253
163.69 0.0025 0.0069 0.557 0.0247
164.78 0.0023 0.0068 0.5026 0.0239
165.88 -0.0015 0.006 0.4349 0.025
166.98 -0.0026 0.0059 0.3501 0.0262
168.08 -0.0069 0.0049 0.248 0.0237
169.18 -0.0025 0.0058 0.148 0.0204
170.28 -0.0086 0.0054 0.0808 0.0146
171.38 -0.0057 0.0054 0.0329 0.0102
172.47 -0.0034 0.0054 0.0135 0.008
173.57 -0.0026 0.0052 0.0078 0.0071
174.67 -0.0048 0.0046 -0.0021 0.0063
175.77 -0.0062 0.0052 -0.0046 0.0055
176.87 -0.0034 0.0047 -0.0026 0.0058
177.97 -0.0031 0.0048 -0.0018 0.0058
179.07 0.0007 0.0047 -0.0002 0.0056
180.16 0.0021 0.0046 0.0024 0.0051
181.26 0.001 0.005 -0.0022 0.0052
182.36 -0.001 0.0045 -0.0024 0.0054
183.46 0.0012 0.0047 -0.0023 0.0058
184.56 0.0029 0.0053 -0.0035 0.0056
185.66 0.0006 0.0048 0.001 0.0059
186.76 0.0044 0.0049 0.0034 0.0068
187.85 0.0055 0.0047 0.0071 0.0058
188.95 0.0039 0.0049 0.0063 0.0061
190.05 0.0056 0.0055 0.0036 0.0058
191.15 0.011 0.0058 -0.002 0.0052
192.25 0.006 0.0053 0.0059 0.0055
193.35 0.01 0.0057 0.0083 0.0064
194.45 0.013 0.0059 0.0124 0.0061
195.54 0.0094 0.0056 0.0164 0.0058
196.64 0.0078 0.0054 0.0094 0.0049
197.74 0.0061 0.0048 0.0044 0.0058
198.84 0.0053 0.005 0.0082 0.0056
199.94 0.0054 0.0054 0.0121 0.0056
201.04 0.0074 0.0058 0.0134 0.0057
202.14 0.006 0.0053 0.0122 0.0056
203.24 0.0061 0.0046 0.0117 0.0059
204.33 0.0085 0.0045 0.0112 0.0058
205.43 0.0087 0.0046 0.0113 0.0057
206.53 0.0031 0.0045 0.0116 0.0056
207.63 0.0035 0.0044 0.0116 0.0056
208.73 0.0031 0.0041 0.0168 0.0055
209.83 0.0033 0.0037 0.0146 0.0053
210.93 0.0019 0.0036 0.0104 0.0056
212.02 -0.0009 0.0032 0.0087 0.0053
213.12 -0.0009 0.0034 0.0107 0.0049
214.22 -0.0014 0.0036 0.0173 0.0055
215.32 -0.0025 0.003 0.019 0.0062
216.42 -0.0014 0.0028 0.0147 0.0055
217.52 0.0018 0.0036 0.0122 0.0044
218.62 0.0007 0.0038 0.0061 0.0041
219.71 -0.0026 0.0027 0.0084 0.0038
220.81 -0.0029 0.0028 0.0091 0.0041
221.91 -0.0008 0.0027 0.0097 0.0047
223.01 -0.0016 0.0027 0.0073 0.0047
224.11 0.0004 0.0033 0.0069 0.004
225.21 0.0005 0.0027 0.0046 0.0034
226.31 -0.0008 0.0029 0.002 0.0033
227.4 -0.0018 0.0031 0.0045 0.0038
228.5 0.0018 0.0032 0.0035 0.0032
229.6 -0.0016 0.0029 0.0017 0.0031
230.7 -0.002 0.0029 0.0009 0.0032
231.8 -0.0006 0.0031 -0.002 0.0032
232.9 -0.0016 0.0032 -0.0026 0.0031
234.0 -0.0015 0.0027 -0.0022 0.0027
235.09 -0.0035 0.0028 -0.0037 0.0029
236.19 -0.0026 0.0027 -0.0043 0.0031
237.29 -0.0004 0.0027 -0.0056 0.0033
238.39 -0.0003 0.0028 -0.0058 0.0028
239.49 -0.0012 0.0026 -0.0052 0.0027
240.59 -0.0024 0.0029 -0.0045 0.0028
241.69 -0.0029 0.0028 -0.0035 0.0028
242.78 -0.0019 0.0022 -0.0013 0.0028
243.88 -0.0013 0.0026 -0.0054 0.0028
244.98 -0.0027 0.0023 -0.0054 0.0029
246.08 -0.0042 0.0023 -0.0054 0.0026
247.18 -0.002 0.0025 -0.0042 0.0025
248.28 -0.0009 0.0025 -0.0062 0.0026
249.38 -0.0015 0.0027 -0.0076 0.0026
250.47 -0.0015 0.0027 -0.0069 0.0027
251.57 -0.0026 0.0024 -0.0067 0.0028
252.67 -0.0013 0.0034 -0.0067 0.0029
253.77 0.0003 0.0039 -0.0067 0.0026
254.87 -0.0003 0.0028 -0.0077 0.0027