1.186400000000000006e+02 -4.000000000000000083e-03 1.129999999999999928e-02
1.197399999999999949e+02 -6.899999999999999883e-03 1.149999999999999981e-02
1.208400000000000034e+02 -6.300000000000000044e-03 1.230000000000000017e-02
1.219399999999999977e+02 -4.499999999999999660e-03 1.280000000000000061e-02
1.230400000000000063e+02 -3.500000000000000073e-03 1.209999999999999964e-02
1.241400000000000006e+02 3.099999999999999891e-03 1.389999999999999916e-02
1.252300000000000040e+02 1.870000000000000134e-02 1.529999999999999936e-02
1.263299999999999983e+02 5.600000000000000117e-02 1.710000000000000062e-02
1.274300000000000068e+02 1.122999999999999970e-01 1.940000000000000058e-02
1.285300000000000011e+02 1.801000000000000101e-01 2.139999999999999888e-02
1.296299999999999955e+02 2.688999999999999724e-01 2.309999999999999901e-02
1.307299999999999898e+02 3.562000000000000166e-01 2.280000000000000082e-02
1.318300000000000125e+02 4.151000000000000245e-01 2.319999999999999840e-02
1.329300000000000068e+02 4.455999999999999961e-01 2.290000000000000022e-02
1.340200000000000102e+02 4.571999999999999953e-01 2.409999999999999989e-02
1.351200000000000045e+02 4.980999999999999872e-01 2.429999999999999868e-02
1.362199999999999989e+02 5.439000000000000501e-01 2.259999999999999856e-02
1.373199999999999932e+02 5.623000000000000220e-01 2.350000000000000006e-02
1.384199999999999875e+02 5.626999999999999780e-01 2.440000000000000155e-02
1.395200000000000102e+02 5.614000000000000101e-01 2.160000000000000114e-02
1.406200000000000045e+02 5.796000000000000041e-01 2.230000000000000038e-02
1.417100000000000080e+02 6.082999999999999519e-01 2.359999999999999945e-02
1.428100000000000023e+02 6.535999999999999588e-01 2.469999999999999973e-02
1.439099999999999966e+02 7.252999999999999448e-01 2.630000000000000046e-02
1.450099999999999909e+02 7.927999999999999492e-01 2.639999999999999986e-02
1.461100000000000136e+02 8.565000000000000391e-01 2.779999999999999832e-02
1.472100000000000080e+02 9.113999999999999879e-01 2.779999999999999832e-02
1.483100000000000023e+02 9.534000000000000252e-01 2.790000000000000119e-02
1.494000000000000057e+02 9.903999999999999471e-01 2.850000000000000103e-02
1.505000000000000000e+02 1.006699999999999928e+00 2.960000000000000131e-02
1.515999999999999943e+02 1.007300000000000084e+00 2.970000000000000070e-02
1.526999999999999886e+02 9.981999999999999762e-01 2.970000000000000070e-02
1.538000000000000114e+02 9.909999999999999920e-01 2.800000000000000058e-02
1.549000000000000057e+02 9.822999999999999510e-01 2.939999999999999905e-02
1.560000000000000000e+02 9.630999999999999561e-01 3.009999999999999828e-02
1.570900000000000034e+02 9.300000000000000488e-01 2.999999999999999889e-02
1.581899999999999977e+02 8.786000000000000476e-01 3.150000000000000022e-02
1.592899999999999920e+02 8.043000000000000149e-01 3.059999999999999873e-02
1.603899999999999864e+02 7.312999999999999501e-01 2.800000000000000058e-02
1.614900000000000091e+02 6.622999999999999998e-01 2.570000000000000062e-02
1.625900000000000034e+02 6.008999999999999897e-01 2.489999999999999852e-02
1.636899999999999977e+02 5.518999999999999462e-01 2.369999999999999885e-02
1.647800000000000011e+02 4.974999999999999978e-01 2.210000000000000159e-02
1.658799999999999955e+02 4.289999999999999925e-01 2.409999999999999989e-02
1.669799999999999898e+02 3.506000000000000227e-01 2.529999999999999957e-02
1.680800000000000125e+02 2.530000000000000027e-01 2.259999999999999856e-02
1.691800000000000068e+02 1.514999999999999958e-01 1.909999999999999892e-02
1.702800000000000011e+02 8.240000000000000102e-02 1.370000000000000037e-02
1.713799999999999955e+02 3.400000000000000244e-02 9.199999999999999845e-03
1.724699999999999989e+02 1.600000000000000033e-02 7.700000000000000247e-03
1.735699999999999932e+02 1.370000000000000037e-02 6.899999999999999883e-03
1.746699999999999875e+02 4.000000000000000083e-03 5.899999999999999863e-03
1.757700000000000102e+02 4.799999999999999580e-03 5.599999999999999943e-03
1.768700000000000045e+02 3.399999999999999811e-03 5.599999999999999943e-03
1.779699999999999989e+02 3.000000000000000062e-03 5.899999999999999863e-03
1.790699999999999932e+02 3.500000000000000073e-03 5.400000000000000286e-03
1.801599999999999966e+02 6.300000000000000044e-03 5.300000000000000024e-03
