# ACT PA5 Bandpass Data — extracted by Colin H. from Jeff M.’s Keynote file (FTS_2017.key)
#col0: frequency [GHz]
#col1: 150 GHz response
#col2: 150 GHz error on response from bootstrap
1.090000000000000080e+00 -1.600021999999999935e+03 1.459963999999999942e+02
2.189999999999999947e+00 -9.368210000000000548e+01 5.171439999999999770e+01
3.290000000000000036e+00 2.731419999999999959e+02 6.130590000000000117e+01
4.389999999999999680e+00 2.208860999999999990e+02 4.493460000000000321e+01
5.490000000000000213e+00 1.346727999999999952e+02 2.460259999999999891e+01
6.589999999999999858e+00 8.976300000000000523e+01 1.467309999999999981e+01
7.690000000000000391e+00 5.627689999999999770e+01 1.084040000000000070e+01
8.779999999999999361e+00 4.228470000000000084e+01 9.582300000000000040e+00
9.880000000000000782e+00 3.202089999999999748e+01 6.625799999999999912e+00
1.098000000000000043e+01 2.493929999999999936e+01 4.761999999999999567e+00
1.208000000000000007e+01 1.872860000000000014e+01 3.839199999999999946e+00
1.317999999999999972e+01 1.442900000000000027e+01 2.924999999999999822e+00
1.427999999999999936e+01 9.090700000000000003e+00 2.085300000000000153e+00
1.538000000000000078e+01 7.201299999999999812e+00 1.606700000000000017e+00
1.646999999999999886e+01 5.787899999999999601e+00 1.342000000000000082e+00
1.757000000000000028e+01 4.536100000000000243e+00 1.132900000000000018e+00
1.867000000000000171e+01 4.123199999999999754e+00 8.930000000000000160e-01
1.976999999999999957e+01 3.298099999999999810e+00 7.741999999999999993e-01
2.087000000000000099e+01 2.609100000000000197e+00 6.953000000000000291e-01
2.196999999999999886e+01 2.168600000000000083e+00 6.128000000000000114e-01
2.307000000000000028e+01 1.410400000000000098e+00 4.783999999999999919e-01
2.416000000000000014e+01 1.154199999999999893e+00 4.248000000000000109e-01
2.526000000000000156e+01 1.095900000000000096e+00 4.704999999999999738e-01
2.635999999999999943e+01 7.540000000000000036e-01 3.474999999999999756e-01
2.746000000000000085e+01 4.334000000000000075e-01 2.609000000000000208e-01
2.855999999999999872e+01 3.872999999999999776e-01 2.422999999999999876e-01
2.966000000000000014e+01 6.665999999999999703e-01 2.741000000000000103e-01
3.076000000000000156e+01 6.139000000000000012e-01 2.610000000000000098e-01
3.185000000000000142e+01 2.569000000000000172e-01 1.995000000000000107e-01
3.295000000000000284e+01 9.890000000000000180e-02 1.976999999999999869e-01
3.404999999999999716e+01 2.934999999999999831e-01 1.832999999999999907e-01
3.514999999999999858e+01 3.690999999999999837e-01 1.756000000000000061e-01
3.625000000000000000e+01 2.620999999999999996e-01 1.749999999999999889e-01
3.735000000000000142e+01 1.656999999999999862e-01 1.552000000000000046e-01
3.845000000000000284e+01 1.865999999999999881e-01 1.215999999999999998e-01
3.953999999999999915e+01 1.358999999999999930e-01 1.506000000000000116e-01
4.064000000000000057e+01 1.854999999999999982e-01 1.363000000000000045e-01
4.174000000000000199e+01 2.214000000000000135e-01 1.353999999999999926e-01
4.284000000000000341e+01 1.706000000000000016e-01 1.248999999999999971e-01
4.393999999999999773e+01 1.037000000000000005e-01 1.081000000000000016e-01
4.503999999999999915e+01 4.889999999999999902e-02 9.690000000000000002e-02
4.614000000000000057e+01 1.330999999999999961e-01 9.310000000000000220e-02
4.722999999999999687e+01 5.190000000000000169e-02 8.770000000000000018e-02
4.832999999999999829e+01 4.719999999999999890e-02 7.580000000000000626e-02
4.942999999999999972e+01 1.750000000000000167e-02 8.300000000000000433e-02
5.053000000000000114e+01 5.009999999999999870e-02 8.440000000000000280e-02
5.163000000000000256e+01 3.200000000000000067e-02 7.270000000000000073e-02
5.272999999999999687e+01 2.350000000000000006e-02 6.829999999999999960e-02
5.382999999999999829e+01 3.259999999999999704e-02 7.789999999999999702e-02
5.492000000000000171e+01 -2.099999999999999870e-03 5.909999999999999976e-02
5.602000000000000313e+01 -1.199999999999999895e-03 5.380000000000000060e-02
5.711999999999999744e+01 -1.310000000000000053e-02 4.909999999999999781e-02
5.821999999999999886e+01 3.070000000000000159e-02 5.249999999999999806e-02
5.932000000000000028e+01 7.710000000000000187e-02 5.190000000000000169e-02
6.042000000000000171e+01 4.299999999999999656e-02 4.780000000000000221e-02
6.152000000000000313e+01 4.519999999999999712e-02 4.710000000000000298e-02
6.260999999999999943e+01 1.089999999999999997e-02 4.719999999999999890e-02
6.371000000000000085e+01 -8.500000000000000611e-03 4.610000000000000209e-02
6.481000000000000227e+01 -1.179999999999999973e-02 4.120000000000000051e-02
6.590999999999999659e+01 8.800000000000000530e-03 3.960000000000000325e-02
6.701000000000000512e+01 1.439999999999999961e-02 4.059999999999999720e-02
6.810999999999999943e+01 2.170000000000000054e-02 4.019999999999999962e-02
6.920999999999999375e+01 1.179999999999999973e-02 3.549999999999999684e-02
7.031000000000000227e+01 -5.100000000000000366e-03 3.919999999999999873e-02
7.140000000000000568e+01 1.640000000000000138e-02 3.570000000000000256e-02
7.250000000000000000e+01 5.260000000000000092e-02 3.459999999999999881e-02
7.359999999999999432e+01 1.230000000000000017e-02 3.400000000000000244e-02
7.470000000000000284e+01 -3.000000000000000062e-03 3.039999999999999994e-02
7.579999999999999716e+01 1.349999999999999985e-02 3.059999999999999873e-02
7.690000000000000568e+01 -1.890000000000000013e-02 2.960000000000000131e-02
7.800000000000000000e+01 -4.019999999999999962e-02 2.529999999999999957e-02
7.909000000000000341e+01 -6.799999999999999621e-03 3.030000000000000054e-02
8.018999999999999773e+01 -2.069999999999999965e-02 2.989999999999999949e-02
8.129000000000000625e+01 -3.440000000000000002e-02 3.059999999999999873e-02
8.239000000000000057e+01 -1.729999999999999941e-02 2.670000000000000151e-02
8.348999999999999488e+01 -4.789999999999999813e-02 2.280000000000000082e-02
8.459000000000000341e+01 -3.200000000000000067e-02 2.290000000000000022e-02
8.568999999999999773e+01 -3.590000000000000135e-02 2.210000000000000159e-02
8.678000000000000114e+01 -1.209999999999999964e-02 2.400000000000000050e-02
8.787999999999999545e+01 -5.799999999999999600e-03 2.309999999999999901e-02
8.898000000000000398e+01 -1.199999999999999895e-03 2.100000000000000130e-02
9.007999999999999829e+01 -1.980000000000000163e-02 2.179999999999999993e-02
9.118000000000000682e+01 -3.379999999999999671e-02 1.890000000000000013e-02
9.228000000000000114e+01 -3.359999999999999792e-02 2.149999999999999828e-02
9.337999999999999545e+01 -3.819999999999999785e-02 2.170000000000000054e-02
9.446999999999999886e+01 -3.699999999999999817e-02 2.009999999999999981e-02
9.556999999999999318e+01 -2.170000000000000054e-02 2.319999999999999840e-02
9.667000000000000171e+01 -3.320000000000000034e-02 1.750000000000000167e-02
9.776999999999999602e+01 -3.769999999999999740e-02 1.580000000000000154e-02
9.887000000000000455e+01 -3.570000000000000256e-02 1.760000000000000106e-02
9.996999999999999886e+01 -2.359999999999999945e-02 1.669999999999999957e-02
1.010699999999999932e+02 -2.599999999999999881e-02 1.640000000000000138e-02
1.021599999999999966e+02 -4.519999999999999712e-02 1.669999999999999957e-02
1.032600000000000051e+02 -3.139999999999999736e-02 1.710000000000000062e-02
1.043599999999999994e+02 -1.549999999999999989e-02 1.679999999999999896e-02
1.054599999999999937e+02 -3.139999999999999736e-02 1.590000000000000094e-02
1.065600000000000023e+02 -2.220000000000000098e-02 1.430000000000000021e-02
1.076599999999999966e+02 -2.649999999999999925e-02 1.529999999999999936e-02
1.087600000000000051e+02 -2.290000000000000022e-02 1.469999999999999953e-02
1.098499999999999943e+02 -2.989999999999999949e-02 1.540000000000000049e-02
1.109500000000000028e+02 -1.760000000000000106e-02 1.619999999999999912e-02
1.120499999999999972e+02 -8.300000000000000086e-03 1.650000000000000078e-02
1.131500000000000057e+02 -5.799999999999999600e-03 1.439999999999999961e-02
1.142500000000000000e+02 -2.549999999999999836e-02 1.439999999999999961e-02
1.153499999999999943e+02 -2.009999999999999981e-02 1.230000000000000017e-02
1.164500000000000028e+02 -3.269999999999999990e-02 1.250000000000000069e-02
1.175400000000000063e+02 -3.259999999999999704e-02 1.209999999999999964e-02
1.186400000000000006e+02 -1.899999999999999953e-02 1.089999999999999997e-02
1.197399999999999949e+02 -1.799999999999999864e-02 1.060000000000000005e-02
1.208400000000000034e+02 -1.549999999999999989e-02 9.700000000000000289e-03
1.219399999999999977e+02 -1.820000000000000090e-02 1.209999999999999964e-02
1.230400000000000063e+02 -1.549999999999999989e-02 1.230000000000000017e-02
1.241400000000000006e+02 -1.190000000000000085e-02 1.359999999999999924e-02
1.252300000000000040e+02 8.899999999999999925e-03 1.549999999999999989e-02
1.263299999999999983e+02 5.220000000000000334e-02 1.669999999999999957e-02
1.274300000000000068e+02 1.062000000000000027e-01 1.980000000000000163e-02
1.285300000000000011e+02 1.809999999999999942e-01 2.259999999999999856e-02
1.296299999999999955e+02 2.671999999999999931e-01 2.500000000000000139e-02
1.307299999999999898e+02 3.551000000000000267e-01 2.369999999999999885e-02
1.318300000000000125e+02 4.187000000000000166e-01 2.350000000000000006e-02
1.329300000000000068e+02 4.437999999999999723e-01 2.400000000000000050e-02
1.340200000000000102e+02 4.530000000000000138e-01 2.549999999999999836e-02
1.351200000000000045e+02 4.909000000000000030e-01 2.549999999999999836e-02
1.362199999999999989e+02 5.294999999999999707e-01 2.469999999999999973e-02
1.373199999999999932e+02 5.500000000000000444e-01 2.450000000000000094e-02
1.384199999999999875e+02 5.524000000000000021e-01 2.510000000000000078e-02
1.395200000000000102e+02 5.491000000000000325e-01 2.319999999999999840e-02
1.406200000000000045e+02 5.681000000000000494e-01 2.390000000000000110e-02
1.417100000000000080e+02 5.941999999999999504e-01 2.539999999999999897e-02
1.428100000000000023e+02 6.369000000000000217e-01 2.649999999999999925e-02
1.439099999999999966e+02 7.072000000000000508e-01 2.819999999999999937e-02
1.450099999999999909e+02 7.741000000000000103e-01 2.759999999999999953e-02
1.461100000000000136e+02 8.380999999999999561e-01 2.910000000000000087e-02
1.472100000000000080e+02 8.969000000000000306e-01 2.800000000000000058e-02
1.483100000000000023e+02 9.486999999999999877e-01 2.759999999999999953e-02
1.494000000000000057e+02 9.866000000000000325e-01 2.779999999999999832e-02
1.505000000000000000e+02 1.000000000000000000e+00 2.840000000000000163e-02
1.515999999999999943e+02 9.996000000000000441e-01 2.879999999999999921e-02
1.526999999999999886e+02 9.848999999999999977e-01 2.910000000000000087e-02
1.538000000000000114e+02 9.744000000000000439e-01 2.769999999999999893e-02
1.549000000000000057e+02 9.671999999999999487e-01 2.970000000000000070e-02
1.560000000000000000e+02 9.514000000000000234e-01 3.119999999999999857e-02
1.570900000000000034e+02 9.246999999999999664e-01 3.070000000000000159e-02
1.581899999999999977e+02 8.789000000000000146e-01 3.139999999999999736e-02
1.592899999999999920e+02 8.080000000000000515e-01 3.070000000000000159e-02
1.603899999999999864e+02 7.358999999999999986e-01 2.740000000000000074e-02
1.614900000000000091e+02 6.667999999999999483e-01 2.580000000000000002e-02
1.625900000000000034e+02 6.065000000000000391e-01 2.529999999999999957e-02
1.636899999999999977e+02 5.570000000000000506e-01 2.469999999999999973e-02
1.647800000000000011e+02 5.026000000000000467e-01 2.390000000000000110e-02
1.658799999999999955e+02 4.349000000000000088e-01 2.500000000000000139e-02
1.669799999999999898e+02 3.501000000000000223e-01 2.620000000000000107e-02
1.680800000000000125e+02 2.479999999999999982e-01 2.369999999999999885e-02
1.691800000000000068e+02 1.479999999999999927e-01 2.040000000000000147e-02
1.702800000000000011e+02 8.079999999999999682e-02 1.460000000000000013e-02
1.713799999999999955e+02 3.289999999999999869e-02 1.020000000000000073e-02
1.724699999999999989e+02 1.349999999999999985e-02 8.000000000000000167e-03
1.735699999999999932e+02 7.799999999999999642e-03 7.100000000000000408e-03
1.746699999999999875e+02 -2.099999999999999870e-03 6.300000000000000044e-03
1.757700000000000102e+02 -4.599999999999999922e-03 5.499999999999999681e-03
1.768700000000000045e+02 -2.599999999999999881e-03 5.799999999999999600e-03
1.779699999999999989e+02 -1.799999999999999951e-03 5.799999999999999600e-03
1.790699999999999932e+02 -2.000000000000000096e-04 5.599999999999999943e-03
1.801599999999999966e+02 2.399999999999999790e-03 5.100000000000000366e-03
1.812599999999999909e+02 -2.200000000000000133e-03 5.199999999999999761e-03
1.823600000000000136e+02 -2.399999999999999790e-03 5.400000000000000286e-03
1.834600000000000080e+02 -2.299999999999999961e-03 5.799999999999999600e-03
1.845600000000000023e+02 -3.500000000000000073e-03 5.599999999999999943e-03
1.856599999999999966e+02 1.000000000000000021e-03 5.899999999999999863e-03
1.867599999999999909e+02 3.399999999999999811e-03 6.799999999999999621e-03
1.878499999999999943e+02 7.100000000000000408e-03 5.799999999999999600e-03
1.889499999999999886e+02 6.300000000000000044e-03 6.100000000000000387e-03
1.900500000000000114e+02 3.599999999999999901e-03 5.799999999999999600e-03
1.911500000000000057e+02 -2.000000000000000042e-03 5.199999999999999761e-03
1.922500000000000000e+02 5.899999999999999863e-03 5.499999999999999681e-03
1.933499999999999943e+02 8.300000000000000086e-03 6.400000000000000307e-03
1.944499999999999886e+02 1.239999999999999956e-02 6.100000000000000387e-03
1.955399999999999920e+02 1.640000000000000138e-02 5.799999999999999600e-03
1.966399999999999864e+02 9.400000000000000369e-03 4.899999999999999842e-03
1.977400000000000091e+02 4.400000000000000265e-03 5.799999999999999600e-03
1.988400000000000034e+02 8.200000000000000691e-03 5.599999999999999943e-03
1.999399999999999977e+02 1.209999999999999964e-02 5.599999999999999943e-03
2.010399999999999920e+02 1.340000000000000045e-02 5.700000000000000205e-03
2.021399999999999864e+02 1.220000000000000077e-02 5.599999999999999943e-03
2.032400000000000091e+02 1.170000000000000033e-02 5.899999999999999863e-03
2.043300000000000125e+02 1.119999999999999989e-02 5.799999999999999600e-03
2.054300000000000068e+02 1.129999999999999928e-02 5.700000000000000205e-03
2.065300000000000011e+02 1.159999999999999920e-02 5.599999999999999943e-03
2.076299999999999955e+02 1.159999999999999920e-02 5.599999999999999943e-03
2.087299999999999898e+02 1.679999999999999896e-02 5.499999999999999681e-03
2.098300000000000125e+02 1.460000000000000013e-02 5.300000000000000024e-03
2.109300000000000068e+02 1.039999999999999952e-02 5.599999999999999943e-03
2.120200000000000102e+02 8.699999999999999400e-03 5.300000000000000024e-03
2.131200000000000045e+02 1.069999999999999944e-02 4.899999999999999842e-03
2.142199999999999989e+02 1.729999999999999941e-02 5.499999999999999681e-03
2.153199999999999932e+02 1.899999999999999953e-02 6.199999999999999782e-03
2.164199999999999875e+02 1.469999999999999953e-02 5.499999999999999681e-03
2.175200000000000102e+02 1.220000000000000077e-02 4.400000000000000265e-03
2.186200000000000045e+02 6.100000000000000387e-03 4.100000000000000346e-03
2.197100000000000080e+02 8.399999999999999481e-03 3.799999999999999992e-03
2.208100000000000023e+02 9.100000000000000450e-03 4.100000000000000346e-03
2.219099999999999966e+02 9.700000000000000289e-03 4.700000000000000185e-03
2.230099999999999909e+02 7.300000000000000065e-03 4.700000000000000185e-03
2.241100000000000136e+02 6.899999999999999883e-03 4.000000000000000083e-03
2.252100000000000080e+02 4.599999999999999922e-03 3.399999999999999811e-03
2.263100000000000023e+02 2.000000000000000042e-03 3.299999999999999982e-03
2.274000000000000057e+02 4.499999999999999660e-03 3.799999999999999992e-03
2.285000000000000000e+02 3.500000000000000073e-03 3.200000000000000153e-03
2.295999999999999943e+02 1.699999999999999905e-03 3.099999999999999891e-03
2.306999999999999886e+02 8.999999999999999754e-04 3.200000000000000153e-03
2.318000000000000114e+02 -2.000000000000000042e-03 3.200000000000000153e-03
2.329000000000000057e+02 -2.599999999999999881e-03 3.099999999999999891e-03
2.340000000000000000e+02 -2.200000000000000133e-03 2.700000000000000143e-03
2.350900000000000034e+02 -3.700000000000000164e-03 2.899999999999999800e-03
2.361899999999999977e+02 -4.300000000000000003e-03 3.099999999999999891e-03
2.372899999999999920e+02 -5.599999999999999943e-03 3.299999999999999982e-03
2.383899999999999864e+02 -5.799999999999999600e-03 2.799999999999999972e-03
2.394900000000000091e+02 -5.199999999999999761e-03 2.700000000000000143e-03
2.405900000000000034e+02 -4.499999999999999660e-03 2.799999999999999972e-03
2.416899999999999977e+02 -3.500000000000000073e-03 2.799999999999999972e-03
2.427800000000000011e+02 -1.299999999999999940e-03 2.799999999999999972e-03
2.438799999999999955e+02 -5.400000000000000286e-03 2.799999999999999972e-03
2.449799999999999898e+02 -5.400000000000000286e-03 2.899999999999999800e-03
2.460800000000000125e+02 -5.400000000000000286e-03 2.599999999999999881e-03
2.471800000000000068e+02 -4.199999999999999740e-03 2.500000000000000052e-03
2.482800000000000011e+02 -6.199999999999999782e-03 2.599999999999999881e-03
2.493799999999999955e+02 -7.599999999999999985e-03 2.599999999999999881e-03
2.504699999999999989e+02 -6.899999999999999883e-03 2.700000000000000143e-03
2.515699999999999932e+02 -6.700000000000000226e-03 2.799999999999999972e-03
2.526699999999999875e+02 -6.700000000000000226e-03 2.899999999999999800e-03
2.537700000000000102e+02 -6.700000000000000226e-03 2.599999999999999881e-03
2.548700000000000045e+02 -7.700000000000000247e-03 2.700000000000000143e-03
