7.031000000000000227e+01 -2.730000000000000135e-02 2.639999999999999986e-02
7.140000000000000568e+01 -2.000000000000000042e-03 2.829999999999999877e-02
7.250000000000000000e+01 1.450000000000000074e-02 2.869999999999999982e-02
7.359999999999999432e+01 -1.140000000000000041e-02 2.649999999999999925e-02
7.470000000000000284e+01 7.199999999999999803e-03 2.639999999999999986e-02
7.579999999999999716e+01 1.430000000000000021e-02 2.549999999999999836e-02
7.690000000000000568e+01 2.949999999999999845e-02 2.479999999999999913e-02
7.800000000000000000e+01 2.479999999999999913e-02 2.400000000000000050e-02
7.909000000000000341e+01 8.190000000000000058e-02 2.750000000000000014e-02
8.018999999999999773e+01 1.827000000000000013e-01 3.009999999999999828e-02
8.129000000000000625e+01 2.620000000000000107e-01 3.119999999999999857e-02
8.239000000000000057e+01 2.877000000000000113e-01 2.989999999999999949e-02
8.348999999999999488e+01 2.657999999999999807e-01 2.850000000000000103e-02
8.459000000000000341e+01 2.928000000000000047e-01 2.850000000000000103e-02
8.568999999999999773e+01 3.153000000000000247e-01 2.840000000000000163e-02
8.678000000000000114e+01 3.352999999999999869e-01 2.850000000000000103e-02
8.787999999999999545e+01 3.971000000000000085e-01 3.250000000000000111e-02
8.898000000000000398e+01 4.935999999999999832e-01 3.429999999999999716e-02
9.007999999999999829e+01 5.662000000000000366e-01 3.289999999999999869e-02
9.118000000000000682e+01 6.109999999999999876e-01 3.289999999999999869e-02
9.228000000000000114e+01 6.451000000000000068e-01 3.250000000000000111e-02
9.337999999999999545e+01 7.023000000000000353e-01 3.169999999999999901e-02
9.446999999999999886e+01 7.893000000000000016e-01 3.200000000000000067e-02
9.556999999999999318e+01 8.446000000000000174e-01 3.109999999999999917e-02
9.667000000000000171e+01 8.828000000000000291e-01 3.020000000000000115e-02
9.776999999999999602e+01 9.375999999999999890e-01 2.970000000000000070e-02
9.887000000000000455e+01 9.875000000000000444e-01 2.659999999999999865e-02
9.996999999999999886e+01 1.000000000000000000e+00 2.709999999999999909e-02
1.010699999999999932e+02 9.616000000000000103e-01 2.630000000000000046e-02
1.021599999999999966e+02 9.042000000000000037e-01 2.730000000000000135e-02
1.032600000000000051e+02 8.396000000000000130e-01 2.659999999999999865e-02
1.043599999999999994e+02 7.832999999999999963e-01 2.620000000000000107e-02
1.054599999999999937e+02 7.234000000000000430e-01 2.730000000000000135e-02
1.065600000000000023e+02 6.251999999999999780e-01 2.949999999999999845e-02
1.076599999999999966e+02 4.783000000000000029e-01 2.949999999999999845e-02
1.087600000000000051e+02 3.119999999999999996e-01 2.630000000000000046e-02
1.098499999999999943e+02 1.794000000000000039e-01 2.210000000000000159e-02
1.109500000000000028e+02 9.729999999999999760e-02 1.710000000000000062e-02
1.120499999999999972e+02 4.200000000000000261e-02 1.370000000000000037e-02
1.131500000000000057e+02 5.700000000000000205e-03 1.159999999999999920e-02
1.142500000000000000e+02 3.299999999999999982e-03 1.170000000000000033e-02
1.153499999999999943e+02 -9.100000000000000450e-03 9.799999999999999684e-03
1.164500000000000028e+02 2.399999999999999790e-03 9.499999999999999764e-03
1.175400000000000063e+02 -5.000000000000000104e-04 9.900000000000000813e-03
1.186400000000000006e+02 -5.700000000000000205e-03 9.499999999999999764e-03
