1.175400000000000063e+02 -1.409999999999999969e-02 8.300000000000000086e-03
1.186400000000000006e+02 -1.480000000000000066e-02 8.600000000000000006e-03
1.197399999999999949e+02 -5.899999999999999863e-03 8.500000000000000611e-03
1.208400000000000034e+02 -1.030000000000000013e-02 8.500000000000000611e-03
1.219399999999999977e+02 -4.700000000000000185e-03 9.100000000000000450e-03
1.230400000000000063e+02 -2.700000000000000143e-03 9.299999999999999239e-03
1.241400000000000006e+02 1.959999999999999937e-02 1.009999999999999960e-02
1.252300000000000040e+02 5.920000000000000262e-02 1.379999999999999977e-02
1.263299999999999983e+02 1.155999999999999944e-01 1.679999999999999896e-02
1.274300000000000068e+02 2.005000000000000115e-01 1.919999999999999832e-02
1.285300000000000011e+02 3.219000000000000195e-01 2.160000000000000114e-02
1.296299999999999955e+02 4.521999999999999909e-01 2.299999999999999961e-02
1.307299999999999898e+02 5.727999999999999758e-01 2.290000000000000022e-02
1.318300000000000125e+02 6.614999999999999769e-01 2.230000000000000038e-02
1.329300000000000068e+02 7.131999999999999451e-01 2.129999999999999949e-02
1.340200000000000102e+02 7.429000000000000048e-01 2.029999999999999860e-02
1.351200000000000045e+02 7.429000000000000048e-01 2.160000000000000114e-02
1.362199999999999989e+02 7.413999999999999480e-01 2.160000000000000114e-02
1.373199999999999932e+02 7.262999999999999456e-01 2.129999999999999949e-02
1.384199999999999875e+02 7.036000000000000032e-01 2.050000000000000086e-02
1.395200000000000102e+02 6.897999999999999687e-01 1.969999999999999876e-02
1.406200000000000045e+02 6.836999999999999744e-01 1.990000000000000102e-02
1.417100000000000080e+02 6.961000000000000520e-01 1.890000000000000013e-02
1.428100000000000023e+02 7.170999999999999597e-01 2.050000000000000086e-02
1.439099999999999966e+02 7.529000000000000137e-01 2.139999999999999888e-02
1.450099999999999909e+02 8.074000000000000066e-01 2.160000000000000114e-02
1.461100000000000136e+02 8.637000000000000233e-01 2.189999999999999933e-02
1.472100000000000080e+02 9.119000000000000439e-01 2.189999999999999933e-02
1.483100000000000023e+02 9.415999999999999925e-01 2.210000000000000159e-02
1.494000000000000057e+02 9.630999999999999561e-01 2.189999999999999933e-02
1.505000000000000000e+02 9.868000000000000105e-01 2.239999999999999977e-02
1.515999999999999943e+02 9.973999999999999533e-01 2.239999999999999977e-02
1.526999999999999886e+02 9.931999999999999718e-01 2.309999999999999901e-02
1.538000000000000114e+02 9.997000000000000330e-01 2.309999999999999901e-02
1.549000000000000057e+02 9.962999999999999634e-01 2.280000000000000082e-02
1.560000000000000000e+02 9.728999999999999870e-01 2.290000000000000022e-02
1.570900000000000034e+02 9.375000000000000000e-01 2.259999999999999856e-02
1.581899999999999977e+02 8.944999999999999618e-01 2.259999999999999856e-02
1.592899999999999920e+02 8.385000000000000231e-01 2.330000000000000127e-02
1.603899999999999864e+02 7.622999999999999776e-01 2.199999999999999872e-02
1.614900000000000091e+02 6.782000000000000250e-01 2.079999999999999905e-02
1.625900000000000034e+02 6.095000000000000417e-01 1.990000000000000102e-02
1.636899999999999977e+02 5.571000000000000396e-01 1.940000000000000058e-02
1.647800000000000011e+02 4.919999999999999929e-01 1.870000000000000134e-02
1.658799999999999955e+02 4.047000000000000042e-01 1.760000000000000106e-02
1.669799999999999898e+02 3.140000000000000013e-01 1.750000000000000167e-02
1.680800000000000125e+02 2.379999999999999893e-01 1.650000000000000078e-02
1.691800000000000068e+02 1.590999999999999914e-01 1.389999999999999916e-02
1.702800000000000011e+02 8.790000000000000591e-02 1.020000000000000073e-02
1.713799999999999955e+02 4.830000000000000265e-02 7.400000000000000328e-03
1.724699999999999989e+02 2.060000000000000026e-02 6.400000000000000307e-03
1.735699999999999932e+02 8.600000000000000006e-03 5.000000000000000104e-03
1.746699999999999875e+02 2.000000000000000096e-04 4.199999999999999740e-03
1.757700000000000102e+02 2.000000000000000096e-04 4.100000000000000346e-03
1.768700000000000045e+02 -4.799999999999999580e-03 4.000000000000000083e-03
1.779699999999999989e+02 -3.899999999999999821e-03 3.799999999999999992e-03
1.790699999999999932e+02 -8.000000000000000383e-04 3.899999999999999821e-03
1.801599999999999966e+02 -4.799999999999999580e-03 3.799999999999999992e-03
