7.031000000000000227e+01 1.409999999999999969e-02 2.800000000000000058e-02
7.140000000000000568e+01 2.500000000000000052e-03 2.759999999999999953e-02
7.250000000000000000e+01 -1.170000000000000033e-02 2.419999999999999929e-02
7.359999999999999432e+01 -2.700000000000000143e-03 2.429999999999999868e-02
7.470000000000000284e+01 -8.500000000000000611e-03 2.380000000000000171e-02
7.579999999999999716e+01 1.149999999999999981e-02 2.359999999999999945e-02
7.690000000000000568e+01 5.800000000000000294e-02 2.529999999999999957e-02
7.800000000000000000e+01 1.376999999999999891e-01 2.819999999999999937e-02
7.909000000000000341e+01 2.195999999999999897e-01 3.250000000000000111e-02
8.018999999999999773e+01 3.471000000000000196e-01 3.289999999999999869e-02
8.129000000000000625e+01 4.566999999999999948e-01 3.139999999999999736e-02
8.239000000000000057e+01 4.667000000000000037e-01 2.920000000000000026e-02
8.348999999999999488e+01 4.229999999999999871e-01 2.910000000000000087e-02
8.459000000000000341e+01 4.073999999999999844e-01 3.059999999999999873e-02
8.568999999999999773e+01 4.210999999999999743e-01 3.090000000000000038e-02
8.678000000000000114e+01 4.565000000000000169e-01 3.039999999999999994e-02
8.787999999999999545e+01 5.431000000000000272e-01 2.989999999999999949e-02
8.898000000000000398e+01 6.206000000000000405e-01 3.160000000000000309e-02
9.007999999999999829e+01 6.442999999999999838e-01 3.139999999999999736e-02
9.118000000000000682e+01 6.564999999999999725e-01 3.139999999999999736e-02
9.228000000000000114e+01 7.148999999999999799e-01 3.070000000000000159e-02
9.337999999999999545e+01 8.073000000000000176e-01 3.049999999999999933e-02
9.446999999999999886e+01 8.804999999999999494e-01 2.989999999999999949e-02
9.556999999999999318e+01 9.399999999999999467e-01 2.819999999999999937e-02
9.667000000000000171e+01 9.864000000000000545e-01 2.699999999999999969e-02
9.776999999999999602e+01 1.002199999999999980e+00 2.649999999999999925e-02
9.887000000000000455e+01 9.977000000000000313e-01 2.699999999999999969e-02
9.996999999999999886e+01 1.000599999999999934e+00 2.850000000000000103e-02
1.010699999999999932e+02 9.952999999999999625e-01 2.980000000000000010e-02
1.021599999999999966e+02 9.686000000000000165e-01 2.900000000000000147e-02
1.032600000000000051e+02 9.274000000000000021e-01 2.989999999999999949e-02
1.043599999999999994e+02 8.878000000000000336e-01 3.080000000000000099e-02
1.054599999999999937e+02 8.232000000000000428e-01 3.350000000000000200e-02
1.065600000000000023e+02 7.075000000000000178e-01 3.350000000000000200e-02
1.076599999999999966e+02 5.453000000000000069e-01 3.189999999999999780e-02
1.087600000000000051e+02 3.647000000000000242e-01 2.630000000000000046e-02
1.098499999999999943e+02 2.242999999999999994e-01 2.009999999999999981e-02
1.109500000000000028e+02 1.236000000000000015e-01 1.569999999999999868e-02
1.120499999999999972e+02 5.990000000000000185e-02 1.349999999999999985e-02
1.131500000000000057e+02 2.369999999999999885e-02 1.290000000000000001e-02
1.142500000000000000e+02 4.000000000000000083e-03 1.069999999999999944e-02
1.153499999999999943e+02 6.100000000000000387e-03 9.299999999999999239e-03
1.164500000000000028e+02 2.999999999999999737e-04 9.299999999999999239e-03
1.175400000000000063e+02 -5.000000000000000104e-04 9.400000000000000369e-03
1.186400000000000006e+02 -3.399999999999999811e-03 9.299999999999999239e-03
1.197399999999999949e+02 -1.199999999999999895e-03 9.299999999999999239e-03
