# ACT PA4 Bandpass Data — extracted by Colin H. from Jeff M.’s Keynote file (FTS_2017.key)
#150 GHz bandwidth / band center table
#col0: channel
#col1: band center
#col2: band width
33.0 147.09 35.07
65.0 144.0 39.37
96.0 143.95 40.49
97.0 144.34 39.68
128.0 146.78 33.69
129.0 145.86 36.93
160.0 144.44 39.34
161.0 144.57 39.73
223.0 142.8 41.65
286.0 144.75 39.15
287.0 144.51 39.38
318.0 145.46 36.98
319.0 148.68 31.22
350.0 145.08 38.94
351.0 144.38 40.13
382.0 143.84 39.66
383.0 146.21 36.89
414.0 142.09 41.11
449.0 137.91 44.06
480.0 135.28 34.96
481.0 146.01 35.64
512.0 143.27 38.06
513.0 143.17 40.99
544.0 143.6 40.64
545.0 143.52 41.0
608.0 143.35 41.39
671.0 144.99 37.75
734.0 145.09 38.52
735.0 145.33 38.99
766.0 145.79 36.14
767.0 133.02 26.34
798.0 144.98 38.56
799.0 145.56 37.08
830.0 145.14 37.17
831.0 146.19 34.96
897.0 143.19 34.73
928.0 144.2 28.41
992.0 142.73 39.22
1119.0 145.72 37.26
1182.0 146.26 36.67
1214.0 138.35 42.03
1215.0 147.95 31.86
1246.0 146.39 36.66
1278.0 144.02 39.06
1567.0 149.39 29.51
1630.0 146.72 34.51
1631.0 147.28 34.26
33.0 145.81 35.31
65.0 144.48 38.87
96.0 144.09 40.14
97.0 144.57 39.5
128.0 150.53 30.09
129.0 144.66 39.01
160.0 144.61 39.26
161.0 144.75 38.78
223.0 145.2 37.07
286.0 145.44 37.94
287.0 145.17 38.56
318.0 145.01 37.77
319.0 150.84 29.98
350.0 145.04 38.72
382.0 144.54 38.36
383.0 146.51 35.96
414.0 145.38 35.31
449.0 144.01 34.28
480.0 142.48 33.31
513.0 143.66 40.18
544.0 142.97 41.6
545.0 143.09 41.51
608.0 143.67 40.7
671.0 146.36 36.18
734.0 144.87 38.38
735.0 145.2 38.17
766.0 145.15 37.0
798.0 145.0 38.27
799.0 144.99 38.09
830.0 145.47 36.14
831.0 146.89 30.76
897.0 142.58 29.96
928.0 142.07 33.9
992.0 143.4 39.7
993.0 143.59 36.21
1119.0 145.85 37.2
1182.0 146.5 35.93
1215.0 147.78 30.14
1246.0 145.35 37.92
1278.0 144.88 37.52
1567.0 144.43 36.49
1630.0 143.26 40.62
1631.0 145.86 36.07
33.0 144.1 39.47
65.0 144.39 39.01
96.0 144.05 39.97
97.0 144.67 39.13
128.0 147.92 32.26
129.0 145.91 36.46
160.0 144.5 39.59
161.0 144.97 38.6
223.0 145.24 38.02
286.0 145.26 38.0
287.0 145.36 38.14
318.0 144.69 38.95
319.0 146.28 33.79
350.0 144.97 39.11
351.0 144.17 39.98
382.0 145.01 37.69
383.0 148.53 31.69
414.0 145.01 35.83
449.0 145.86 30.57
513.0 143.21 40.45
544.0 143.12 41.25
545.0 143.25 41.14
608.0 143.3 40.95
671.0 145.02 38.79
734.0 145.62 37.7
735.0 145.63 37.9
766.0 145.04 37.71
798.0 143.88 40.49
799.0 143.98 39.23
830.0 146.65 34.32
831.0 146.6 31.7
992.0 144.94 36.89
1119.0 145.32 37.9
1182.0 146.38 36.59
1215.0 145.24 34.93
1246.0 144.79 37.91
1278.0 146.84 33.76
1567.0 146.23 34.37
1630.0 143.65 38.27
1631.0 146.99 35.51
33.0 145.16 38.14
65.0 144.15 39.2
96.0 144.23 40.1
97.0 144.29 39.79
128.0 147.04 33.33
129.0 145.85 37.01
160.0 144.68 39.33
161.0 144.97 37.95
223.0 143.86 39.79
287.0 146.15 36.98
318.0 145.1 38.2
319.0 146.43 35.99
351.0 144.73 40.2
382.0 144.88 38.09
383.0 147.19 36.78
414.0 145.9 35.19
449.0 139.88 41.52
513.0 144.22 39.03
544.0 143.6 41.24
545.0 143.93 40.45
608.0 144.24 39.46
671.0 145.19 38.43
734.0 145.26 37.73
735.0 145.75 37.94
766.0 144.71 37.17
798.0 145.89 37.15
799.0 145.26 37.41
830.0 145.92 36.25
831.0 149.56 28.36
897.0 144.84 31.88
929.0 144.84 31.92
992.0 142.75 40.48
1119.0 145.4 36.5
1182.0 145.96 36.92
1215.0 143.39 37.2
1246.0 145.96 36.05
1278.0 146.09 35.75
1567.0 144.77 38.1
1630.0 148.93 31.49
1631.0 145.21 37.6
41.0 144.22 38.42
42.0 144.59 39.31
235.0 143.46 35.59
266.0 146.77 32.95
267.0 146.01 32.15
297.0 147.96 33.29
298.0 148.84 31.4
41.0 143.86 39.19
42.0 144.82 39.0
233.0 148.27 24.87
235.0 143.0 37.56
266.0 147.67 32.54
267.0 144.84 38.97
297.0 147.4 34.04
298.0 147.19 32.14
523.0 143.16 41.74
617.0 142.27 39.44
873.0 141.64 38.17
41.0 143.36 39.99
42.0 144.87 39.03
235.0 143.77 35.43
266.0 148.18 30.0
267.0 143.02 37.68
297.0 146.78 35.68
298.0 146.75 34.92
523.0 145.64 37.53
553.0 147.61 32.18
617.0 141.11 41.84
41.0 143.36 39.99
42.0 144.87 39.03
235.0 143.77 35.43
266.0 148.18 30.0
267.0 143.02 37.68
297.0 146.78 35.68
298.0 146.75 34.92
523.0 145.64 37.53
553.0 147.61 32.18
617.0 141.11 41.84
874.0 145.79 36.34
938.0 149.58 27.18
1096.0 145.8 35.77
1097.0 155.02 22.49
1194.0 144.17 37.55
1674.0 149.55 29.35
1770.0 144.29 36.14
139.0 143.83 39.98
170.0 144.39 37.6
171.0 143.24 36.96
295.0 129.91 48.76
361.0 143.86 33.93
395.0 142.28 42.88
651.0 136.63 52.31
971.0 144.13 38.87
1003.0 140.05 43.35
1475.0 145.15 37.0
1696.0 145.73 36.61
1859.0 147.32 35.21
1891.0 146.23 37.36
1923.0 145.97 34.89
1955.0 149.71 27.73
107.0 146.17 32.94
139.0 144.54 38.91
170.0 143.64 37.91
361.0 144.85 28.59
395.0 144.16 41.67
971.0 145.38 38.88
1003.0 141.65 38.12
1475.0 145.15 35.18
1696.0 145.69 34.36
1859.0 144.67 38.09
1891.0 148.13 31.88
1923.0 146.21 36.56
1955.0 144.86 35.56
1193.0 135.89 45.93
1258.0 133.54 47.46
1513.0 136.95 41.39
1769.0 142.06 32.92
459.0 144.95 37.81
715.0 146.02 34.05
779.0 144.59 39.61
811.0 156.14 22.73
1035.0 145.95 37.27
1291.0 147.67 33.52
1387.0 144.75 31.81
1419.0 145.18 38.7
1483.0 147.04 34.03
1515.0 146.37 35.15
1298.0 150.09 29.93
82.0 144.74 37.4
114.0 143.97 36.74
115.0 145.42 37.81
150.0 147.61 34.92
183.0 146.89 34.67
339.0 143.38 34.6
434.0 146.03 36.59
435.0 144.7 38.81
503.0 144.04 34.88
659.0 147.92 30.72
691.0 142.88 37.86
759.0 142.32 38.49
18.0 145.34 37.83
51.0 146.14 35.82
54.0 143.56 40.49
274.0 144.68 38.92
278.0 144.69 38.05
307.0 144.81 36.01
310.0 145.48 38.3
311.0 144.56 38.86
565.0 144.91 38.98
567.0 150.24 30.29
598.0 144.8 38.03
631.0 145.69 36.29
789.0 147.21 33.96
791.0 147.01 35.4
821.0 148.53 33.42
823.0 139.02 41.81
853.0 144.77 36.25
854.0 145.4 38.06
855.0 146.34 35.12
886.0 146.01 34.32
887.0 145.43 37.43
1109.0 145.18 37.68
1111.0 146.37 35.54
1143.0 145.02 35.7
1206.0 145.16 37.22
246.0 144.71 30.49
437.0 145.54 35.71
469.0 144.54 37.86
503.0 143.51 39.05
726.0 145.29 38.41
727.0 148.2 33.06
757.0 146.26 35.67
758.0 147.95 32.79
759.0 145.53 36.69
791.0 144.24 39.01
822.0 143.14 40.36
981.0 145.86 37.38
1013.0 146.75 34.4
1015.0 147.37 33.05
1045.0 140.13 43.12
1046.0 146.97 36.19
1047.0 145.36 37.66
1077.0 144.23 38.62
1078.0 145.41 37.58
1079.0 146.36 35.03
1301.0 147.21 34.73
1303.0 146.14 36.85
1333.0 145.03 38.18
1334.0 146.56 34.99
1366.0 145.32 38.13
1367.0 148.2 31.19
1398.0 144.12 37.88
1559.0 153.62 26.71
1589.0 146.42 34.94
1621.0 145.2 37.26
1622.0 146.66 35.88
1654.0 146.94 34.34
1911.0 155.91 23.61
21.0 147.44 33.87
23.0 145.73 36.47
53.0 146.12 37.04
54.0 146.73 33.29
55.0 148.08 33.52
86.0 145.23 35.05
87.0 148.06 29.86
119.0 144.51 39.15
179.0 143.82 34.36
210.0 146.02 37.09
211.0 146.17 36.91
242.0 144.64 35.42
243.0 147.1 33.66
277.0 151.32 25.76
342.0 145.28 37.01
374.0 145.98 36.48
375.0 145.6 37.23
498.0 142.93 35.91
499.0 151.11 19.98
530.0 147.23 35.68
562.0 154.58 22.88
597.0 147.04 34.64
694.0 147.32 34.86
786.0 144.57 38.92
819.0 145.5 32.26
1547.0 142.69 38.54
139.0 144.33 38.6
651.0 143.97 35.74
971.0 144.8 39.51
1003.0 144.65 39.18
1227.0 145.04 37.61
1.0 144.3 40.1
30.0 144.73 37.83
33.0 144.19 40.04
62.0 141.94 41.73
65.0 148.92 32.7
96.0 144.06 40.39
350.0 145.46 37.84
351.0 144.66 39.4
382.0 143.32 39.7
383.0 144.49 35.48
414.0 144.46 39.48
415.0 144.1 40.08
735.0 145.56 34.82
798.0 145.2 38.13
799.0 145.65 37.65
862.0 146.34 36.09
863.0 143.04 41.23
894.0 143.41 40.29
1183.0 141.41 42.83
1246.0 146.45 36.83
1247.0 144.09 39.7
1278.0 143.35 37.39
1310.0 143.06 40.06
139.0 144.95 37.17
651.0 143.12 39.17
971.0 144.94 38.95
1003.0 144.71 39.14
1227.0 144.51 38.63
1278.0 129.07 37.32