# via https://phy-wiki.princeton.edu/actwiki/pmwiki.php?n=Bandpasses.Bandpasses?action=download&upname=mce2_nosmoothing.txt
       0.0000000      -487.50532
       1.0951282       388.65927
       2.1902564       141.76082
       3.2853846       4.2326911
       4.3805128       3.4496609
       5.4756410     0.089918748
       6.5707692       1.7577163
       7.6658973       3.2449885
       8.7610255       1.6048529
       9.8561537       1.0057805
       10.951282      0.56484268
       12.046410      0.74892488
       13.141538      0.41795450
       14.236666      0.91528461
       15.331795      0.40596756
       16.426923      0.26283818
       17.522051      0.30968820
       18.617179      0.11208298
       19.712307      0.18502779
       20.807436     0.055339560
       21.902564     0.087546105
       22.997692      0.10446783
       24.092820     0.012476979
       25.187948     -0.10961119
       26.283077    -0.096060621
       27.378205    -0.046565605
       28.473333      0.11991854
       29.568461     0.073072792
       30.663589      0.11233772
       31.758718     0.075485559
       32.853846     0.049920788
       33.948974    0.0053025015
       35.044102      0.10904008
       36.139230   -0.0037023375
       37.234359     0.033103682
       38.329487     0.023018059
       39.424615    -0.011633543
       40.519743     0.044700525
       41.614871    0.0081023403
       42.709999    0.0070563270
       43.805128     0.045646830
       44.900256   -0.0036009347
       45.995384     0.018551658
       47.090512     0.058556278
       48.185640     0.028642280
       49.280769   -0.0033730138
       50.375897     0.064494241
       51.471025     0.031404123
       52.566153     0.028715237
       53.661281     0.041179040
       54.756410     0.022663957
       55.851538   -0.0078548738
       56.946666    0.0061579682
       58.041794    0.0084680888
       59.136922     0.010296996
       60.232051     0.022957058
       61.327179     0.025945787
       62.422307    0.0080946105
       63.517435     0.042112912
       64.612563     0.023700058
       65.707692     0.034512260
       66.802820    0.0069302281
       67.897948     0.023551165
       68.993076     0.014577424
       70.088204     0.028914227
       71.183332     0.026734171
       72.278461     0.020413570
       73.373589    0.0082188066
       74.468717     0.017735971
       75.563845     0.027541184
       76.658973     0.033308196
       77.754102     0.025945702
       78.849230     0.031855060
       79.944358     0.019617822
       81.039486    0.0093186108
       82.134614     0.016204380
       83.229743     0.021060224
       84.324871     0.015256611
       85.419999    0.0097029126
       86.515127     0.010439211
       87.610255     0.015655563
       88.705384     0.012286632
       89.800512     0.010957410
       90.895640    0.0030768428
       91.990768    0.0013520808
       93.085896     0.011286703
       94.181025     0.011853353
       95.276153    0.0050011386
       96.371281     0.013628471
       97.466409  -0.00096252486
       98.561537    0.0050304751
       99.656665    0.0052457119
       100.75179   -0.0074470207
       101.84692    0.0092477971
       102.94205    0.0026847930
       104.03718    0.0024134037
       105.13231    0.0044324531
       106.22743    0.0038362599
       107.32256    0.0062949725
       108.41769    0.0046066201
       109.51282    0.0028213748
       110.60795   0.00055832040
       111.70308    0.0048024557
       112.79820    0.0019543423
       113.89333    0.0057454156
       114.98846   8.9222960e-05
       116.08359   0.00076183974
       117.17872    0.0088751288
       118.27384    0.0066298943
       119.36897  -0.00067208255
       120.46410     0.010805133
       121.55923    0.0079710687
       122.65436    0.0093341446
       123.74949    0.0045872060
       124.84461    0.0067188734
       125.93974   -0.0019100878
       127.03487    0.0019177112
       128.13000    0.0029625272
       129.22513    0.0015978848
       130.32025   0.00028931197
       131.41538    0.0062901725
       132.51051   -0.0016810817
       133.60564    0.0066999615
       134.70077    0.0016050841
       135.79590    0.0027173329
       136.89102    0.0043423192
       137.98615    0.0043466701
       139.08128   -0.0013918895
       140.17641    0.0065895422
       141.27154    0.0062507366
       142.36666    0.0071720251
       143.46179    0.0012152569
       144.55692   0.00094876834
       145.65205   2.9514723e-05
       146.74718    0.0033236397
       147.84231  -1.2766605e-05
       148.93743    0.0073284137
       150.03256    0.0027915802
       151.12769    0.0047637520
       152.22282    0.0042499839
       153.31795    0.0021621723
       154.41308    0.0010678103
       155.50820    0.0039756960
       156.60333    0.0038253455
       157.69846    0.0033956427
       158.79359    0.0010920892
       159.88872    0.0042227612
       160.98384   0.00040739740
       162.07897    0.0041465933
       163.17410    0.0014218596
       164.26923    0.0018321327
       165.36436    0.0011074628
       166.45949   0.00084614096
       167.55461    0.0011124270
       168.64974    0.0056976260
       169.74487    0.0033648098
       170.84000    0.0025743835
       171.93513    0.0035671911
       173.03025    0.0073878199
       174.12538  -0.00041645468
       175.22051    0.0065674493
       176.31564    0.0021842785
       177.41077    0.0033792621
       178.50590   0.00077695725
       179.60102    0.0043693140
       180.69615    0.0031615806
       181.79128    0.0050120107
       182.88641   0.00085539027
       183.98154    0.0060463899
       185.07666    0.0045272858
       186.17179     0.019892018
       187.26692    0.0050795371
       188.36205    0.0081842963
       189.45718    0.0041348171
       190.55231    0.0062439194
       191.64743   0.00094768666
       192.74256     0.011403753
       193.83769    0.0026249222
       194.93282     0.010614884
       196.02795     0.011237121
       197.12307     0.086224344
       198.21820      0.10675761
       199.31333      0.10307569
       200.40846     0.086852311
       201.50359     0.056073001
       202.59872     0.027651863
       203.69384     0.042676809
       204.78897     0.032086546
       205.88410     0.072160567
       206.97923      0.15616237
       208.07436      0.69206043
       209.16948      0.94660297
       210.26461      0.49166224
       211.35974      0.47725029
       212.45487      0.44530160
       213.55000      0.29949885
       214.64513      0.41456158
       215.74025      0.76660787
       216.83538      0.60196009
       217.93051      0.56894698
       219.02564      0.74976926
       220.12077      0.55196063
       221.21589      0.59870839
       222.31102      0.99433643
       223.40615      0.81823747
       224.50128      0.72832755
       225.59641       1.0000000
       226.69154      0.92061454
       227.78666      0.86743763
       228.88179      0.86905188
       229.97692      0.48682180
       231.07205      0.17422146
       232.16718     0.072087260
       233.26230     0.044637774
       234.35743     0.038280168
       235.45256     0.066567546
       236.54769      0.16869471
       237.64282      0.11967180
       238.73795     0.072259887
       239.83307     0.039495901
       240.92820     0.014318576
       242.02333    0.0056170911
       243.11846   0.00051368744
       244.21359   0.00038561681
       245.30872   -0.0021569047
       246.40384   4.2662380e-05
       247.49897   0.00059899292
       248.59410    0.0044909366
       249.68923    0.0074677926
       250.78436    0.0059577661
       251.87948    0.0011371101
       252.97461   0.00067794831
       254.06974   0.00036528656
       255.16487   0.00010483908
       256.26000   0.00042961811
       257.35513   0.00024786377
       258.45025   0.00069744137
       259.54538  -0.00087660220
       260.64051  -6.2949779e-05
       261.73564   -0.0010330480
       262.83077   -0.0021303421
       263.92589  -9.6990251e-05
       265.02102   -0.0015977311
       266.11615  -0.00064032187
       267.21128  -0.00056393305
       268.30641  -0.00015234589
       269.40154  -0.00036126531
       270.49666  -0.00096670085
       271.59179  -0.00072969225
       272.68692   0.00012517693
       273.78205  -2.5691463e-05
       274.87718  -7.5717222e-05
       275.97230  -0.00076155836
       277.06743   2.1562662e-05
       278.16256  -0.00068571307
       279.25769    0.0013767998
       280.35282  -0.00093981613
       281.44795   0.00055471785
       282.54307  -0.00045742984
       283.63820  -0.00091078014
       284.73333  -0.00058946626
       285.82846   6.5640619e-05
       286.92359  -8.0741022e-05
       288.01871  -0.00046259498
       289.11384   -0.0010648026
       290.20897  -0.00026190675
       291.30410  -0.00083870580
       292.39923   0.00015017094
       293.49436   -0.0015101856
       294.58948   0.00032857055
       295.68461  -0.00078188870
       296.77974  -0.00057553432
       297.87487   -0.0012166008
       298.97000  -0.00062471161
       300.06512   -0.0013525335
       301.16025   0.00044294257
       302.25538   0.00048705225
       303.35051  -0.00060634640
       304.44564  -0.00021252988
       305.54077  -0.00014847541
       306.63589  -0.00028433758
       307.73102  -0.00072752255
       308.82615  -0.00046101302
       309.92128  -0.00096555994
       311.01641  -0.00066223762
       312.11153   1.8123392e-05
       313.20666  -5.1053800e-05
       314.30179  -0.00031149492
       315.39692   -0.0012207507
       316.49205  -0.00013501104
       317.58718  -0.00078288282
       318.68230  -0.00024102206
       319.77743  -0.00054076314
       320.87256  -0.00010835801
       321.96769  -0.00043746719
       323.06282  -1.5923219e-05
       324.15794  -0.00048090523
       325.25307   0.00082203870
       326.34820   0.00037240164
       327.44333   0.00030783314
       328.53846  -1.4619612e-05
       329.63359   0.00062504308
       330.72871   1.3177952e-05
       331.82384  -0.00042867799
       332.91897  -0.00055579329
       334.01410   0.00015453380
       335.10923  -0.00017477448
       336.20435  -0.00059019846
       337.29948  -0.00021443706
       338.39461   0.00011487959
       339.48974  -0.00052782534
       340.58487   0.00078285258
       341.68000  -0.00025486718
       342.77512   0.00020623296
       343.87025  -0.00065345950
       344.96538  -0.00055098200
       346.06051   0.00014166538
       347.15564  -0.00012328999
       348.25077   0.00033327728
       349.34589  -0.00015799611
       350.44102   0.00028362677
       351.53615   0.00040810928
       352.63128  -6.6986445e-05
       353.72641  -0.00056200505
       354.82153  -0.00026738771
       355.91666   0.00040756086
       357.01179   5.3529799e-05
       358.10692   0.00039865653
       359.20205   -0.0014089558
       360.29718  -0.00092646444
       361.39230  -0.00078885928
       362.48743  -0.00028310309
       363.58256  -0.00011181505
       364.67769   0.00025110742
       365.77282  -0.00017204249
       366.86794  -0.00020461937
       367.96307  -0.00029177613
       369.05820   0.00026007377
       370.15333  -0.00034570875
       371.24846  -0.00026878491
       372.34359  -0.00053218920
       373.43871   8.0714076e-06
       374.53384   0.00033642367
       375.62897   0.00040024447
       376.72410   2.0689463e-05
       377.81923  -0.00011502489
       378.91435  -0.00040560587
       380.00948   7.6838862e-05
       381.10461  -0.00049605764
       382.19974  -8.6756600e-05
       383.29487   7.9952673e-06
       384.39000   0.00041903789
       385.48512   0.00021009971
       386.58025  -0.00050021825
       387.67538  -0.00038008171
       388.77051   0.00050979483
       389.86564  -0.00028838745
       390.96076  -0.00014732987
       392.05589  -0.00011503099
       393.15102  -5.9231310e-05
       394.24615  -0.00030003024
       395.34128  -6.2705194e-05
       396.43641  -0.00035925032
       397.53153  -0.00010412175
       398.62666  -0.00024939573
       399.72179  -0.00042145285
       400.81692  -0.00026445577
       401.91205   8.4839729e-05
       403.00717  -4.3540762e-05
       404.10230  -0.00011132674
       405.19743  -0.00031862050
       406.29256  -2.9949822e-05
       407.38769  -0.00036414586
       408.48282   0.00036140989
       409.57794  -9.1283367e-05
       410.67307  -3.3742793e-05
       411.76820   0.00033862340
       412.86333   0.00023107175
       413.95846   0.00024442986
       415.05358   0.00015664486
       416.14871   0.00023880561
       417.24384   8.6459457e-06
       418.33897  -0.00013198584
       419.43410  -0.00010214952
       420.52923  -2.4048465e-05
       421.62435   0.00048682338
       422.71948   0.00040826638
       423.81461  -0.00015600817
       424.90974   0.00023694690
       426.00487   8.2313269e-05
       427.09999  -0.00012943288
       428.19512   0.00010162628
       429.29025  -0.00038255956
       430.38538  -8.4956294e-06
       431.48051   0.00030992251
       432.57564  -9.3503603e-06
       433.67076   0.00044591883
       434.76589  -8.6350462e-05
       435.86102  -6.6399700e-05
       436.95615   0.00030256500
       438.05128  -1.3567885e-05
       439.14640  -0.00010461389
       440.24153   7.0579605e-05
       441.33666   1.5139395e-05
       442.43179  -0.00022629136
       443.52692   0.00033203942
       444.62205   0.00036512842
       445.71717   0.00035940970
       446.81230  -3.0861064e-06
       447.90743   0.00039124840
       449.00256  -0.00013361134
       450.09769  -0.00038800464
       451.19282   0.00037009223
       452.28794   0.00022412243
       453.38307  -0.00010038783
       454.47820  -0.00013580939
       455.57333  -0.00044755434
       456.66846   0.00030267957
       457.76358   8.9875070e-05
       458.85871   6.6694059e-05
       459.95384   3.7750296e-05
       461.04897  -0.00012129564
       462.14410  -0.00044165993
       463.23923  -8.9686957e-06
       464.33435  -7.5285432e-05
       465.42948  -0.00053256581
       466.52461   0.00031709304
       467.61974   7.9743844e-05
       468.71487  -1.9359587e-05
       469.80999   0.00010595326
       470.90512   6.3990593e-05
       472.00025  -3.2572578e-05
       473.09538   2.8292977e-05
       474.19051   6.7084911e-05
       475.28564   5.1861862e-05
       476.38076  -0.00035029926
       477.47589  -0.00013052785
       478.57102   3.3649725e-05
       479.66615   6.9222785e-05
       480.76128   0.00029857384
       481.85640   1.4278242e-06
       482.95153  -3.5975161e-05
       484.04666   7.4002406e-06
       485.14179   0.00017733730
       486.23692  -0.00012863579
       487.33205   6.9444420e-05
       488.42717   0.00018932965
       489.52230   0.00038479345
       490.61743   4.5300332e-05
       491.71256   0.00032112967
       492.80769   0.00019136728
       493.90281  -9.8225390e-05
       494.99794   7.7136340e-05
       496.09307  -5.7746278e-05
       497.18820   1.5105080e-05
       498.28333   2.8950787e-05
       499.37846  -8.3312774e-05
       500.47358   8.3418687e-05
       501.56871   0.00017210535
       502.66384   0.00031729580
       503.75897  -0.00016536970
       504.85410  -8.5330667e-05
       505.94922  -0.00014313693
       507.04435  -6.4700544e-05
       508.13948   7.4476397e-05
       509.23461  -0.00011296068
       510.32974   3.2970810e-05
       511.42487  -0.00032823886
       512.51999   0.00014414228
       513.61512   0.00017535372
       514.71025   3.5191056e-05
       515.80538  -0.00020973693
       516.90051  -3.8294711e-05
       517.99563  -0.00012843416
       519.09076  -8.0757707e-05
       520.18589   0.00011373513
       521.28102   0.00026157916
       522.37615  -2.5212553e-05
       523.47128   3.1061064e-05
       524.56640  -0.00015905398
       525.66153  -5.0952944e-05
       526.75666  -0.00013634707
       527.85179  -1.1423644e-05
       528.94692  -0.00013589735
       530.04204  -0.00038216828
       531.13717  -1.5657493e-05
       532.23230  -0.00016722645
       533.32743   4.1427762e-05
       534.42256   5.0882579e-05
       535.51769  -0.00018583191
       536.61281  -0.00017829534
       537.70794  -0.00016289820
       538.80307  -3.3975782e-05
       539.89820  -8.2594378e-05
       540.99333   0.00019368752
       542.08846   4.5371177e-05
       543.18358   2.5261898e-05
       544.27871   0.00011132672
       545.37384  -7.8749247e-05
       546.46897   9.8352030e-06
       547.56410  -0.00014712605
       548.65922  -8.9787180e-05
       549.75435  -0.00010508044
       550.84948   0.00016838596
       551.94461   3.5313630e-05
       553.03974   0.00010368960
       554.13487  -0.00014820801
       555.22999   0.00021834063
       556.32512   0.00022109948
       557.42025  -7.1614688e-05
       558.51538   0.00012089263
       559.61051  -0.00015468477
       560.70563  -1.9713182e-05
       561.80076  -0.00016435235
       562.89589  -5.1635282e-05
       563.99102  -0.00029559105
       565.08615  -0.00024268543
       566.18128   2.0552633e-05
       567.27640   0.00017121292
       568.37153   5.1977256e-05
       569.46666  -7.6203842e-05
       570.56179   0.00026699334
       571.65692   6.8068938e-05
       572.75204  -7.5320187e-05
       573.84717  -0.00015578476
       574.94230   9.3304483e-05
       576.03743   0.00010497586
       577.13256  -2.4185251e-05
       578.22769  -2.9863084e-05
       579.32281   0.00025981707
       580.41794   0.00011616852
       581.51307  -0.00013357952
       582.60820  -9.1670446e-05
       583.70333   0.00010642915
       584.79845   0.00014631317
       585.89358  -2.0483439e-05
       586.98871   3.0441604e-05
       588.08384   1.7472058e-05
       589.17897   1.5149677e-05
       590.27410  -8.5819744e-05
       591.36922  -0.00016828023
       592.46435   9.4305211e-05
       593.55948   2.2095125e-05
       594.65461   0.00010775859
       595.74974   4.9341351e-05
       596.84486   0.00012718134
       597.93999   3.3032642e-05
       599.03512  -1.5582606e-05
       600.13025  -0.00011014391
       601.22538  -9.8861308e-06
       602.32051   4.5362489e-05
       603.41563   0.00011670266
       604.51076   5.8025955e-05
       605.60589   0.00012504808
       606.70102   3.3649523e-05
       607.79615   6.6669844e-05
       608.89127  -4.0351541e-05
       609.98640  -1.1402497e-05
       611.08153   6.1576681e-05
       612.17666  -5.9422428e-06
       613.27179  -4.0336428e-05
       614.36692  -1.5458365e-05
       615.46204  -7.0189437e-05
       616.55717  -0.00014332931
       617.65230   9.4686775e-05
       618.74743  -0.00010136350
       619.84256   2.1234815e-05
       620.93768   9.9689163e-05
       622.03281   1.5243166e-05
       623.12794  -5.8507350e-05
       624.22307   2.8735225e-05
       625.31820  -7.1461586e-05
       626.41333  -3.8229986e-05
       627.50845   0.00010301366
       628.60358   9.5311080e-06
       629.69871   0.00017638589
       630.79384  -0.00015409219
       631.88897  -0.00013258651
       632.98409  -3.2225553e-05
       634.07922  -3.4771460e-05
       635.17435   3.2947917e-05
       636.26948   9.0823424e-05
       637.36461  -3.7097409e-05
       638.45974  -8.7733263e-05
       639.55486  -0.00011987817
       640.64999   0.00012561644
       641.74512  -6.7645282e-05
       642.84025   4.2575470e-05
       643.93538  -1.8485947e-05
       645.03051   5.2213119e-05
       646.12563   0.00016427460
       647.22076   0.00014143913
       648.31589   8.8495952e-05
       649.41102  -7.3219636e-05
       650.50615  -0.00011408675
       651.60127   7.6432644e-05
       652.69640   9.3627621e-05
       653.79153   2.4133853e-05
       654.88666  -9.0614482e-05
       655.98179   0.00012853135
       657.07692   2.6151427e-07
       658.17204  -0.00018544324
       659.26717   0.00018086120
       660.36230  -0.00010743117
       661.45743  -0.00014836692
       662.55256  -5.3559665e-05
       663.64768  -5.3385676e-05
       664.74281   4.8717426e-05
       665.83794   0.00011665720
       666.93307  -0.00013593965
       668.02820  -8.7469749e-05
       669.12333   2.3693391e-05
       670.21845  -0.00018355362
       671.31358   3.0509181e-05
       672.40871  -5.9965535e-05
       673.50384  -1.1109668e-05
       674.59897   9.3768264e-05
       675.69409   2.2342987e-05
       676.78922  -0.00011205058
       677.88435  -4.9761890e-05
       678.97948   5.4519677e-05
       680.07461   4.3318539e-05
       681.16974  -0.00014381315
       682.26486  -2.1209307e-05
       683.35999  -3.5623691e-05
       684.45512   0.00010185807
       685.55025  -1.7684336e-05
       686.64538  -3.5350648e-05
       687.74050   7.6158880e-05
       688.83563  -1.9412740e-05
       689.93076  -0.00010786081
       691.02589  -2.4384158e-05
       692.12102  -8.6573868e-05
       693.21615  -0.00021030792
       694.31127   8.6843157e-05
       695.40640   0.00012151106
       696.50153   0.00010765824
       697.59666   6.1977005e-05
       698.69179  -0.00011619828
       699.78691   6.0035933e-05
       700.88204  -3.9115008e-06
       701.97717  -9.8778269e-05
       703.07230   6.9369946e-05
       704.16743   0.00010818808
       705.26256  -1.0708607e-05
       706.35768  -4.5712280e-05
       707.45281   7.3353115e-05
       708.54794   8.7758930e-05
       709.64307  -7.0861439e-05
       710.73820   5.6583716e-05
       711.83332  -1.8159999e-05
       712.92845   6.1699571e-05
       714.02358   0.00013199978
       715.11871   5.3364908e-05
       716.21384  -5.0989845e-05
       717.30897   7.1874692e-05
       718.40409   4.6225387e-05
       719.49922   2.5905721e-05
       720.59435  -5.4931390e-06
       721.68948  -6.8764502e-07
       722.78461   9.4454273e-05
       723.87973   0.00015256580
       724.97486   0.00019040325
       726.06999   0.00012799901
       727.16512   0.00018136373
       728.26025   7.1000351e-05
       729.35538  -8.8284900e-07
       730.45050  -3.1469396e-05
       731.54563  -3.1431325e-05
       732.64076   5.1262827e-05
       733.73589   8.0436447e-05
       734.83102  -0.00014576798
       735.92615  -0.00012413884
       737.02127  -6.5072391e-05
       738.11640  -2.0102199e-05
       739.21153   7.0191344e-05
       740.30666   8.3578413e-05
       741.40179  -1.6244593e-05
       742.49691   1.6363219e-05
       743.59204   0.00010286929
       744.68717   0.00012158306
       745.78230   8.8894324e-05
       746.87743  -6.1071432e-05
       747.97256   1.8503250e-05
       749.06768   2.1512161e-06
       750.16281   0.00013814687
       751.25794  -2.3060300e-06
       752.35307  -9.1321075e-05
       753.44820  -4.0691103e-05
       754.54332  -8.4401539e-05
       755.63845  -6.5754624e-05
       756.73358  -0.00012529944
       757.82871  -2.8947678e-05
       758.92384   0.00014478689
       760.01897   1.6118098e-05
       761.11409  -3.6069051e-06
       762.20922   5.0740563e-06
       763.30435   0.00010330741
       764.39948   1.0706640e-05
       765.49461   2.2510659e-05
       766.58973   0.00014313904
       767.68486   2.2326298e-05
       768.77999   2.8787093e-05
       769.87512  -5.4116514e-06
       770.97025   4.1772100e-05
       772.06538  -9.8769833e-06
       773.16050   3.0094162e-05
       774.25563   2.5773083e-06
       775.35076   2.8742767e-05
       776.44589   1.9278596e-05
       777.54102  -4.8488654e-05
       778.63614  -3.8600111e-06
       779.73127   1.7523081e-05
       780.82640  -6.3843813e-06
       781.92153   0.00010888175
       783.01666  -4.5502378e-05
       784.11179   7.9325779e-06
       785.20691   0.00015989932
       786.30204   3.9842971e-05
       787.39717   0.00016823346
       788.49230   6.9112074e-05
       789.58743  -3.8845278e-06
       790.68255  -2.9353731e-05
       791.77768  -2.3502957e-05
       792.87281   1.7471447e-05
       793.96794  -7.0443496e-05
       795.06307  -2.9103979e-05
       796.15820  -7.6025090e-05
       797.25332   9.3562540e-06
       798.34845  -7.4413761e-05
       799.44358   1.3100080e-05
       800.53871  -4.1460914e-05
       801.63384  -4.2375600e-05
       802.72896  -4.7779590e-05
       803.82409  -9.6962779e-05
       804.91922   0.00011393904
       806.01435   2.5294631e-05
       807.10948   9.4026901e-05
       808.20461   9.1884243e-05
       809.29973  -9.4823792e-05
       810.39486   1.2415360e-05
       811.48999   5.7333303e-05
       812.58512  -3.7470511e-05
       813.68025  -2.5785678e-05
       814.77537  -2.0361227e-05
       815.87050  -8.8569741e-06
       816.96563  -2.6980533e-05
       818.06076   2.6123068e-05
       819.15589   4.5690371e-06
       820.25102  -2.5550709e-05
       821.34614   2.3822542e-06
       822.44127  -2.0560564e-05
       823.53640  -8.1647068e-05
       824.63153   4.5566825e-06
       825.72666   6.8930413e-05
       826.82178   1.3894700e-05
       827.91691  -0.00012311099
       829.01204   6.5532899e-05
       830.10717  -1.0772384e-05
       831.20230   1.9759217e-05
       832.29743   6.0751045e-05
       833.39255   1.0035182e-05
       834.48768   6.2137046e-05
       835.58281  -2.4675840e-05
       836.67794   3.4593205e-05
       837.77307   0.00011901295
       838.86820  -3.9646976e-05
       839.96332  -5.1203716e-05
       841.05845  -2.5807755e-05
       842.15358   4.1624782e-05
       843.24871   4.9801193e-05
       844.34384   3.0157158e-06
       845.43896   1.8423460e-05
       846.53409   7.9423326e-05
       847.62922  -5.1834744e-05
       848.72435  -7.1728673e-05
       849.81948  -4.2072395e-05
       850.91461  -0.00010287432
       852.00973  -2.9905629e-05
       853.10486  -1.0753366e-05
       854.19999   2.3194696e-05
       855.29512  -0.00011693539
       856.39025   1.0470566e-05
       857.48537  -5.6180236e-05
       858.58050   4.4884518e-05
       859.67563  -8.3738093e-06
       860.77076  -6.3757083e-05
       861.86589  -5.5173122e-06
       862.96102  -9.8778701e-06
       864.05614   2.8042713e-05
       865.15127   7.5003848e-05
       866.24640  -7.5561501e-06
       867.34153   4.6416255e-05
       868.43666  -1.1113918e-05
       869.53178  -1.5548759e-06
       870.62691  -1.8233552e-05
       871.72204   0.00010522083
       872.81717   5.7888147e-05
       873.91230   0.00010428864
       875.00743  -3.0182140e-05
       876.10255  -2.8665439e-05
       877.19768   6.6665577e-05
       878.29281  -4.1847135e-05
       879.38794   3.5038383e-05
       880.48307  -2.1360170e-05
       881.57819   1.2455317e-05
       882.67332  -2.2607892e-05
       883.76845  -5.5003161e-05
       884.86358  -4.2177266e-05
       885.95871  -1.1378524e-05
       887.05384  -1.4074478e-05
       888.14896  -1.2720706e-05
       889.24409  -2.2031675e-05
       890.33922   2.1157224e-05
       891.43435   5.7606860e-05
       892.52948  -4.0848123e-05
       893.62460   7.0881038e-05
       894.71973   4.1189312e-05
       895.81486   3.6660011e-05
       896.90999   3.8708059e-05
       898.00512  -7.7195377e-05
       899.10025   7.6505180e-05
       900.19537   5.0980472e-06
       901.29050   1.6619546e-05
       902.38563   9.4301599e-05
       903.48076   2.3503692e-05
       904.57589   4.0323456e-05
       905.67101  -5.8612484e-05
       906.76614  -5.9054929e-05
       907.86127  -3.9771736e-05
       908.95640   7.4043403e-05
       910.05153  -4.6738623e-06
       911.14666  -4.8531198e-05
       912.24178  -2.2628533e-05
       913.33691   8.3712791e-05
       914.43204  -3.9105011e-05
       915.52717  -3.7734862e-05
       916.62230  -1.0815791e-05
       917.71742   2.3902171e-06
       918.81255  -1.3215268e-05
       919.90768   1.2643358e-05
       921.00281  -2.1023226e-05
       922.09794  -0.00010606851
       923.19307   1.0077842e-05
       924.28819   7.1458998e-06
       925.38332   4.5691055e-05
       926.47845  -6.5177306e-06
       927.57358   4.0786962e-05
       928.66871   4.3155200e-05
       929.76384   3.9576838e-05
       930.85896  -3.8585749e-05
       931.95409   9.9977551e-06
       933.04922   2.0075480e-05
       934.14435  -2.1808735e-05
       935.23948  -1.0981844e-05
       936.33460  -2.6485603e-05
       937.42973  -8.2018196e-06
       938.52486  -2.0302352e-05
       939.61999   9.7836512e-07
       940.71512   5.3682953e-05
       941.81025  -5.3090950e-05
       942.90537  -4.0664409e-05
       944.00050  -4.8626569e-05
       945.09563   3.0888901e-05
       946.19076   9.4193057e-05
       947.28589  -1.2936797e-05
       948.38101  -9.4230351e-06
       949.47614  -1.2304308e-05
       950.57127  -7.8659308e-06
       951.66640  -3.5193964e-06
       952.76153  -3.5287740e-05
       953.85666   4.0901243e-05
       954.95178   5.4463352e-05
       956.04691  -2.2209573e-06
       957.14204   5.1353147e-05
       958.23717   2.4621952e-05
       959.33230  -2.7331762e-06
       960.42742  -3.0228817e-05
       961.52255   1.8586678e-05
       962.61768  -6.5450857e-06
       963.71281  -4.3329954e-05
       964.80794  -0.00010158052
       965.90307   3.3175733e-05
       966.99819   5.3053406e-06
       968.09332  -2.3632531e-05
       969.18845  -6.0164204e-07
       970.28358   5.3912230e-05
       971.37871  -2.9929922e-06
       972.47383   4.1381105e-05
       973.56896  -7.6229462e-08
       974.66409  -5.4067550e-06
       975.75922  -1.1015962e-05
       976.85435   3.0559911e-06
       977.94948  -3.3681170e-05
       979.04460   4.5748196e-05
       980.13973  -5.1164643e-05
       981.23486  -8.5893533e-05
       982.32999   1.1321229e-05
       983.42512   3.3690928e-06
       984.52024   8.5490639e-06
       985.61537  -1.7142998e-05
       986.71050   3.6671100e-06
       987.80563  -1.1911053e-05
       988.90076  -8.0033205e-05
       989.99589   0.00011215510
       991.09101  -1.0292341e-05
       992.18614   3.3453396e-05
       993.28127   4.9779205e-05
       994.37640  -4.1187595e-05
       995.47153  -2.4548657e-05
       996.56665  -3.2020742e-05
       997.66178   1.6612504e-05
       998.75691  -1.8689588e-05
       999.85204  -8.3892523e-05
       1000.9472   3.8520655e-05
       1002.0423  -2.5964902e-05
       1003.1374  -5.3670914e-05
       1004.2326   2.6342554e-05
       1005.3277   2.4380860e-05
       1006.4228   8.1190595e-05
       1007.5179   2.3250550e-05
       1008.6131  -1.9827008e-05
       1009.7082  -1.9992379e-06
       1010.8033  -7.0100771e-05
       1011.8984  -9.9408018e-05
       1012.9936   2.9245079e-07
       1014.0887  -1.5998166e-05
       1015.1838   9.9057468e-06
       1016.2790  -3.2507930e-05
       1017.3741  -5.5437287e-05
       1018.4692  -8.7959090e-06
       1019.5643   2.9636346e-05
       1020.6595   3.6207631e-05
       1021.7546   5.9529579e-05
       1022.8497   2.8878531e-05
       1023.9449   3.9765968e-05
       1025.0400   3.8236675e-05
       1026.1351   5.0034991e-05
       1027.2302  -2.3171726e-05
       1028.3254  -4.7023432e-05
       1029.4205  -2.1571969e-05
       1030.5156   1.8355735e-05
       1031.6108   5.3606940e-05
       1032.7059   5.4685454e-05
       1033.8010   0.00010707247
       1034.8961  -1.7410300e-05
       1035.9913  -4.6038258e-05
       1037.0864  -5.8709288e-05
       1038.1815   6.0534307e-06
       1039.2767   5.6723235e-05
       1040.3718  -3.3598178e-05
       1041.4669  -3.0222129e-06
       1042.5620  -5.5619157e-05
       1043.6572  -4.8076110e-05
       1044.7523  -2.4595367e-05
       1045.8474  -1.8215037e-05
       1046.9426   5.2393111e-05
       1048.0377  -2.3243338e-05
       1049.1328   1.1329549e-05
       1050.2279  -1.8949379e-05
       1051.3231   8.7976454e-06
       1052.4182   4.4849612e-05
       1053.5133   2.4859720e-05
       1054.6084  -7.1099717e-06
       1055.7036  -1.8568524e-05
       1056.7987   1.3743872e-06
       1057.8938   2.8056478e-05
       1058.9890   6.4849694e-05
       1060.0841   3.5996830e-05
       1061.1792   2.2769075e-05
       1062.2743   3.7034098e-05
       1063.3695  -1.8385882e-05
       1064.4646  -2.1409411e-05
       1065.5597  -4.2336877e-06
       1066.6549  -5.8131563e-06
       1067.7500   1.6759694e-05
       1068.8451  -1.4730961e-05
       1069.9402  -7.1408701e-06
       1071.0354   1.2534177e-05
       1072.1305  -2.9109553e-05
       1073.2256  -8.4906165e-05
       1074.3208   5.8286189e-07
       1075.4159  -9.9306408e-07
       1076.5110   3.2607337e-05
       1077.6061   4.3051969e-05
       1078.7013  -1.0172637e-05
       1079.7964  -3.2958847e-06
       1080.8915   7.9729562e-06
       1081.9867   4.8414467e-06
       1083.0818   4.9325303e-05
       1084.1769   2.5518668e-05
       1085.2720   3.4712635e-05
       1086.3672  -2.3036079e-05
       1087.4623   1.2494688e-05
       1088.5574  -5.7978336e-05
       1089.6526   8.8381309e-06
       1090.7477  -7.7160085e-06
       1091.8428   9.7495435e-06
       1092.9379   1.7104050e-05
       1094.0331   3.4625739e-05
       1095.1282  -2.0449397e-05
       1096.2233   1.3680883e-05
       1097.3184  -2.2791489e-05
       1098.4136   5.6927765e-05
       1099.5087  -1.4329173e-06
       1100.6038   2.9749551e-06
       1101.6990  -1.8757522e-05
       1102.7941  -9.5121213e-05
       1103.8892   4.0466802e-05
       1104.9843  -3.8344669e-05
       1106.0795   1.4579945e-05
       1107.1746   2.7162468e-05
       1108.2697   9.5205555e-06
       1109.3649   7.2257024e-05
       1110.4600   4.8944668e-05
       1111.5551  -3.7108551e-06
       1112.6502  -6.7075889e-05
       1113.7454   1.7686928e-05
       1114.8405   1.1878608e-05
       1115.9356   7.0159986e-05
       1117.0308   4.7427578e-05
       1118.1259   9.5280462e-06
       1119.2210   1.6528900e-05
       1120.3161   1.5855213e-05
       1121.4113   1.9255263e-05
       1122.5064  -1.0237148e-05
       1123.6015  -1.1336485e-05
       1124.6967  -2.3257714e-05
       1125.7918   4.8649106e-05
       1126.8869   1.8105800e-05
       1127.9820  -5.3043852e-06
       1129.0772   3.2420346e-05
       1130.1723   4.2477788e-05
       1131.2674   8.9136065e-06
       1132.3626   4.8133609e-05
       1133.4577  -5.3568724e-06
       1134.5528   4.3005822e-05
       1135.6479  -4.0268734e-06
       1136.7431   3.0701805e-05
       1137.8382  -3.0478881e-06
       1138.9333   7.1003935e-06
       1140.0284   9.8838428e-05
       1141.1236   5.9662061e-05
       1142.2187   8.9308460e-06
       1143.3138   7.0353055e-06
       1144.4090   2.0548100e-05
       1145.5041   2.2289369e-05
       1146.5992   4.7771673e-05
       1147.6943  -2.2542998e-06
       1148.7895  -3.8466518e-06
       1149.8846   1.5211032e-05
       1150.9797  -1.8122466e-05
       1152.0749  -4.9528317e-05
       1153.1700   1.5268677e-05
       1154.2651   4.6614143e-06
       1155.3602   7.7131546e-05
       1156.4554  -9.6499376e-06
       1157.5505  -2.5920516e-05
       1158.6456  -1.3716156e-05
       1159.7408   1.5737277e-05
       1160.8359   1.1089240e-05
       1161.9310   1.5532343e-05
       1163.0261   3.7496109e-05
       1164.1213   1.9035428e-05
       1165.2164   3.9309012e-05
       1166.3115  -2.4463582e-05
       1167.4067   6.4846034e-05
       1168.5018  -1.1904989e-05
       1169.5969  -5.0827936e-05
       1170.6920  -1.9410839e-05
       1171.7872   1.5382554e-05
       1172.8823   2.8045576e-05
       1173.9774  -2.7842355e-05
       1175.0726   5.4342460e-05
       1176.1677   3.6228225e-05
       1177.2628  -3.6226329e-05
       1178.3579  -6.7829909e-06
       1179.4531   4.4675953e-05
       1180.5482   2.2212925e-05
       1181.6433   5.9360656e-05
       1182.7384  -9.0875610e-06
       1183.8336   1.9855773e-05
       1184.9287   2.3716892e-05
       1186.0238   1.2382871e-05
       1187.1190  -2.6636175e-05
       1188.2141   1.9387428e-05
       1189.3092  -1.7102325e-05
       1190.4043   1.8943993e-05
       1191.4995   1.5862380e-05
       1192.5946   3.5436980e-05
       1193.6897   9.2151015e-06
       1194.7849   8.2078821e-06
       1195.8800   1.4147520e-05
       1196.9751   1.9553210e-05
       1198.0702   5.0061266e-05
       1199.1654   2.4142806e-05
       1200.2605  -1.2769570e-05
       1201.3556   3.8996271e-05
       1202.4508  -1.5452025e-05
       1203.5459  -7.4900557e-05
       1204.6410   3.6052002e-05
       1205.7361  -2.7260217e-05
       1206.8313   1.5049069e-05
       1207.9264   2.3933043e-05
       1209.0215  -5.0650428e-06
       1210.1167  -8.1803301e-07
       1211.2118   3.7654454e-05
       1212.3069   4.8689323e-05
       1213.4020   6.0631662e-05
       1214.4972   1.2036687e-05
       1215.5923   5.8578815e-05
       1216.6874  -5.1637053e-07
       1217.7825  -3.9355921e-05
       1218.8777  -4.3079661e-06
       1219.9728  -1.2242944e-05
       1221.0679  -1.8562722e-06
       1222.1631  -7.1532183e-05
       1223.2582   1.3764889e-05
       1224.3533   1.8151518e-05
       1225.4484  -2.6124801e-05
       1226.5436   8.1217025e-06
       1227.6387   3.8142446e-07
       1228.7338   4.9991587e-07
       1229.8290   3.1239294e-06
       1230.9241   3.8290856e-05
       1232.0192   2.4503243e-05
       1233.1143   7.0087806e-06
       1234.2095   4.2019286e-05
       1235.3046   1.0199130e-05
       1236.3997   4.4049742e-05
       1237.4949  -1.3744834e-05
       1238.5900   3.3718085e-05
       1239.6851  -1.7126202e-05
       1240.7802   1.5834226e-05
       1241.8754   1.7344754e-05
       1242.9705   6.3627763e-05
       1244.0656  -1.0070284e-05
       1245.1608   1.2284313e-05
       1246.2559  -2.3545986e-05
       1247.3510   1.3686476e-05
       1248.4461   1.4706662e-05
       1249.5413   2.4631188e-05
       1250.6364   5.3113832e-07
       1251.7315   2.9516831e-05
       1252.8267   2.7736175e-05
       1253.9218   2.3253708e-05
       1255.0169   5.8886504e-05
       1256.1120   3.1857976e-05
       1257.2072  -3.4979104e-06
       1258.3023  -1.0911734e-05
       1259.3974   2.9203467e-05
       1260.4925   4.7407443e-06
       1261.5877   6.8857135e-06
       1262.6828   3.6516295e-05
       1263.7779   2.7760128e-05
       1264.8731   2.8872152e-05
       1265.9682  -1.2834411e-06
       1267.0633   5.1957897e-05
       1268.1584   2.7185180e-05
       1269.2536   6.4065974e-05
       1270.3487   5.2346738e-05
       1271.4438   2.8674355e-05
       1272.5390   2.1325138e-05
       1273.6341  -1.3496686e-05
       1274.7292   4.1555576e-07
       1275.8243   4.6119232e-05
       1276.9195  -6.8269890e-06
       1278.0146   1.9962276e-05
       1279.1097   2.2647191e-05
       1280.2049   3.0716562e-05
       1281.3000   3.1911174e-05
       1282.3951   1.4696531e-05
       1283.4902   1.2802866e-06
       1284.5854   2.2280062e-05
       1285.6805  -1.4670856e-05
       1286.7756  -1.7138024e-05
       1287.8708   1.6845328e-05
       1288.9659   7.4797178e-05
       1290.0610   1.9205980e-05
       1291.1561   1.7031425e-05
       1292.2513  -2.6085881e-05
       1293.3464  -9.2493877e-06
       1294.4415   2.3155199e-05
       1295.5367  -2.8290206e-05
       1296.6318   5.7987468e-06
       1297.7269  -1.9255613e-05
       1298.8220   3.3825960e-05
       1299.9172   4.6882330e-06
       1301.0123  -1.8992823e-05
       1302.1074   3.8325818e-05
       1303.2025   4.6437475e-05
       1304.2977   2.5381439e-05
       1305.3928   5.0606111e-05
       1306.4879   1.3197511e-05
       1307.5831  -1.7393042e-05
       1308.6782   4.1663078e-05
       1309.7733  -1.6384924e-05
       1310.8684  -2.3632570e-06
       1311.9636   3.1928608e-06
       1313.0587  -2.9614520e-06
       1314.1538   2.4124288e-05
       1315.2490  -2.7428725e-06
       1316.3441  -2.6912977e-05
       1317.4392  -1.7020307e-05
       1318.5343   3.1522549e-05
       1319.6295  -3.9304027e-05
       1320.7246  -2.1047946e-06
       1321.8197  -1.2244524e-05
       1322.9149   1.0489070e-05
       1324.0100   3.3548581e-05
       1325.1051   2.9162689e-05
       1326.2002   1.9452840e-05
       1327.2954  -6.2174992e-06
       1328.3905  -8.8056332e-06
       1329.4856   4.1237983e-05
       1330.5808   2.7427978e-05
       1331.6759  -5.9976870e-06
       1332.7710   2.7098570e-05
       1333.8661   6.2280986e-06
       1334.9613   1.4809768e-05
       1336.0564   2.5439565e-05
       1337.1515   5.7626821e-06
       1338.2467   9.4488567e-06
       1339.3418   1.0991469e-05
       1340.4369   2.3289588e-06
       1341.5320   1.1869074e-05
       1342.6272  -3.2301501e-06
       1343.7223   3.9112054e-05
       1344.8174   2.9096774e-05
       1345.9125   6.3943271e-06
       1347.0077   2.1684978e-05
       1348.1028   1.5727238e-05
       1349.1979  -1.7741904e-05
       1350.2931  -1.0029187e-05
       1351.3882   2.7699447e-05
       1352.4833   1.8359259e-05
       1353.5784   1.0155951e-05
       1354.6736  -7.9127958e-06
       1355.7687  -9.9140046e-06
       1356.8638  -1.2041136e-05
       1357.9590   1.1052337e-05
       1359.0541  -1.4629267e-05
       1360.1492  -9.5995121e-06
       1361.2443   8.1064570e-06
       1362.3395   1.7859092e-05
       1363.4346   3.0280378e-06
       1364.5297   9.3931548e-06
       1365.6249   1.0196497e-05
       1366.7200  -1.9922241e-07
       1367.8151   1.0068720e-05
       1368.9102  -4.4711660e-06
       1370.0054   1.3681298e-05
       1371.1005   2.2437321e-05
       1372.1956   2.2744468e-05
       1373.2908   1.1380295e-05
       1374.3859   3.0214110e-06
       1375.4810   3.2358521e-06
       1376.5761  -1.5495931e-05
       1377.6713  -2.6463431e-05
       1378.7664   1.1197749e-05
       1379.8615   4.1852020e-06
       1380.9567   4.7238602e-05
       1382.0518   3.5346355e-05
       1383.1469   3.7291650e-06
       1384.2420   7.1943452e-06
       1385.3372   5.6708247e-06
       1386.4323   2.3894954e-05
       1387.5274  -2.0340455e-05
       1388.6225   1.5863222e-05
       1389.7177   7.1679457e-06
       1390.8128  -2.5237862e-05
       1391.9079   1.0105953e-06
       1393.0031  -2.6131756e-05
       1394.0982   8.7566993e-06
       1395.1933  -1.0311595e-05
       1396.2884  -5.6897022e-06
       1397.3836   4.1164127e-06
       1398.4787   3.0551062e-05
       1399.5738  -1.7791947e-05
       1400.6690   9.1929808e-06
       1401.7641  -1.9423392e-05
       1402.8592  -5.7719749e-06
       1403.9543   1.6575595e-08
       1405.0495   3.2439162e-05
       1406.1446   6.9120267e-06
       1407.2397   2.3215186e-05
       1408.3349  -1.6733878e-05
       1409.4300   1.2687303e-05
       1410.5251  -9.4327049e-06
       1411.6202   1.5449466e-05
       1412.7154   3.4145202e-08
       1413.8105  -7.4733016e-06
       1414.9056  -2.7380176e-07
       1416.0008   1.4325499e-05
       1417.0959   1.9938933e-05
       1418.1910   1.8315004e-05
       1419.2861   1.3294026e-05
       1420.3813   1.1195259e-05
       1421.4764   1.7720054e-05
       1422.5715   1.9570938e-05
       1423.6666   3.6549912e-05
       1424.7618  -1.0834839e-05
       1425.8569   9.3724098e-06
       1426.9520   5.8583997e-05
       1428.0472  -1.7510980e-05
       1429.1423   5.8900651e-06
       1430.2374   5.0127439e-06
       1431.3325   1.3564740e-05
       1432.4277   4.0315149e-05
       1433.5228  -4.7928373e-06
       1434.6179   1.4227535e-05
       1435.7131   3.3446107e-05
       1436.8082  -4.1139782e-06
       1437.9033   1.2629397e-06
       1438.9984   8.0104336e-07
       1440.0936   2.7116218e-06
       1441.1887  -2.0807626e-05
       1442.2838   4.5321363e-05
       1443.3790  -1.1120085e-06
       1444.4741   4.0674399e-05
       1445.5692  -1.6325563e-05
       1446.6643   1.3909983e-05
       1447.7595   6.0041732e-06
       1448.8546   7.2494191e-06
       1449.9497   2.6527227e-06
       1451.0449   2.3483225e-05
       1452.1400   1.9843238e-05
       1453.2351   3.0735241e-05
       1454.3302   5.7262318e-05
       1455.4254   3.5241259e-05
       1456.5205   5.0032946e-05
       1457.6156   2.3253949e-05
       1458.7108   2.4031143e-05
       1459.8059   1.5307520e-06
       1460.9010  -1.6807845e-05
       1461.9961  -2.2776732e-06
       1463.0913  -3.0871345e-05
       1464.1864  -2.7429921e-05
       1465.2815  -8.0901212e-06
       1466.3766  -2.2664535e-06
       1467.4718   1.3496783e-05
       1468.5669  -1.9098131e-05
       1469.6620   1.0330881e-05
       1470.7572  -3.7938379e-07
       1471.8523  -7.3220029e-06
       1472.9474  -5.5507349e-06
       1474.0425   1.1062423e-06
       1475.1377  -3.0194086e-05
       1476.2328   4.7895214e-06
       1477.3279   2.5240355e-05
       1478.4231   2.7226578e-05
       1479.5182   1.4497545e-06
       1480.6133   1.4712470e-05
       1481.7084   2.3043164e-05
       1482.8036   1.9155803e-05
       1483.8987   5.9781101e-06
       1484.9938  -2.4056396e-05
       1486.0890  -5.6238402e-06
       1487.1841   3.3998368e-05
       1488.2792   5.8921288e-06
       1489.3743  -2.7038111e-06
       1490.4695   5.3328005e-06
       1491.5646   2.3153065e-05
       1492.6597   2.1110851e-05
       1493.7549  -1.8890638e-05
       1494.8500  -3.0022041e-05
       1495.9451  -1.3537692e-06
       1497.0402  -3.5513485e-05
       1498.1354   6.6457384e-06
       1499.2305  -8.3501595e-06
       1500.3256  -2.0939296e-06
       1501.4208  -1.3103648e-05
       1502.5159  -1.3986427e-05
       1503.6110  -7.7346429e-07
       1504.7061   2.1608662e-05
       1505.8013   1.2956740e-05
       1506.8964   2.5236589e-05
       1507.9915   1.6153648e-05
       1509.0866   1.4580891e-05
       1510.1818   2.0780112e-05
       1511.2769   3.3022235e-05
       1512.3720   2.6351999e-05
       1513.4672   6.7567155e-06
       1514.5623   1.3545880e-05
       1515.6574  -1.2681567e-05
       1516.7525   3.0605161e-05
       1517.8477   7.1695701e-06
       1518.9428   3.6684197e-06
       1520.0379  -2.1639143e-05
       1521.1331   2.7695610e-05
       1522.2282  -1.5880240e-05
       1523.3233   1.8723786e-05
       1524.4184   3.3786528e-05
       1525.5136   1.8291892e-05
       1526.6087  -1.6563900e-05
       1527.7038  -2.8708254e-05
       1528.7990  -2.2928657e-05
       1529.8941   1.9358716e-05
       1530.9892  -8.5375737e-06
       1532.0843   7.7457680e-06
       1533.1795   1.9484298e-05
       1534.2746   2.3449903e-06
       1535.3697  -4.8528264e-06
       1536.4649  -1.6795765e-06
       1537.5600   9.0155499e-06
       1538.6551  -1.0706127e-05
       1539.7502  -6.2704707e-06
       1540.8454  -2.8286109e-05
       1541.9405  -2.4759742e-05
       1543.0356   9.8391402e-06
       1544.1308   3.1375080e-06
       1545.2259   1.5254923e-05
       1546.3210  -2.7362733e-05
       1547.4161  -1.4077124e-05
       1548.5113  -4.3326847e-06
       1549.6064  -6.4120218e-06
       1550.7015   5.0976721e-06
       1551.7966  -5.5683482e-06
       1552.8918   9.7468309e-06
       1553.9869  -8.0761431e-06
       1555.0820   1.4903784e-05
       1556.1772  -6.5976800e-06
       1557.2723   9.9291352e-06
       1558.3674  -1.5699629e-05
       1559.4625  -3.5810729e-06
       1560.5577   2.6471182e-07
       1561.6528  -1.1411841e-06
       1562.7479  -1.1782775e-06
       1563.8431  -8.3239764e-06
       1564.9382   5.9798932e-06
       1566.0333  -1.8578223e-06
       1567.1284  -1.4666461e-05
       1568.2236  -1.4645722e-06
       1569.3187  -4.6039006e-06
       1570.4138  -2.3568389e-05
       1571.5090  -1.6447532e-05
       1572.6041   1.2421060e-05
       1573.6992  -1.3763409e-05
       1574.7943  -2.9532722e-05
       1575.8895  -1.2612949e-05
       1576.9846  -1.4654666e-05
       1578.0797  -8.5692825e-07
       1579.1749   2.8494270e-05
       1580.2700   4.7866890e-06
       1581.3651  -5.0359210e-06
       1582.4602  -4.1723051e-05
       1583.5554  -3.1109159e-05
       1584.6505  -1.0003590e-05
       1585.7456   8.8203439e-06
       1586.8408  -3.3011921e-06
       1587.9359  -3.3961667e-06
       1589.0310  -2.3509994e-05
       1590.1261   1.0560407e-05
       1591.2213   1.1869689e-05
       1592.3164   1.1936160e-06
       1593.4115   1.2499483e-06
       1594.5066   3.4125984e-05
       1595.6018   1.6427574e-05
       1596.6969  -2.4595729e-06
       1597.7920   2.7046077e-06
       1598.8872   1.8668183e-05
       1599.9823  -1.1915464e-05
       1601.0774   2.3689382e-05
       1602.1725  -1.2875375e-06
       1603.2677   4.3371832e-07
       1604.3628  -6.9106986e-07
       1605.4579   1.5594376e-05
       1606.5531   3.5310966e-05
       1607.6482   9.3421631e-06
       1608.7433  -2.2718108e-06
       1609.8384   3.9221642e-06
       1610.9336   2.1266029e-05
       1612.0287  -1.6790331e-06
       1613.1238   2.2725161e-06
       1614.2190  -1.0708538e-05
       1615.3141  -1.3099208e-07
       1616.4092   2.6872311e-06
       1617.5043  -1.9320995e-05
       1618.5995   2.6923844e-06
       1619.6946  -1.3858683e-06
       1620.7897   2.0309625e-05
       1621.8849   1.1593025e-05
       1622.9800  -7.0141344e-07
       1624.0751  -1.2502089e-05
       1625.1702  -1.7501818e-05
       1626.2654   9.1910685e-06
       1627.3605   4.6206989e-06
       1628.4556   2.0628984e-06
       1629.5507   3.9125948e-06
       1630.6459  -1.3210396e-05
       1631.7410  -1.2486178e-05
       1632.8361  -8.5809784e-06
       1633.9313   1.5576112e-05
       1635.0264   4.5897624e-05
       1636.1215   1.0394728e-05
       1637.2166   5.7084816e-06
       1638.3118   2.3256235e-05
       1639.4069   2.9651440e-05
       1640.5020  -5.3105888e-07
       1641.5972   1.5838337e-05
       1642.6923   5.6091765e-06
       1643.7874  -1.8034585e-05
       1644.8825   1.3424534e-06
       1645.9777   1.5774028e-06
       1647.0728   2.5565440e-05
       1648.1679   3.7181054e-05
       1649.2631   2.5723032e-05
       1650.3582   1.0004562e-05
       1651.4533   3.3585272e-06
       1652.5484   5.7971108e-06
       1653.6436   6.3595182e-06
       1654.7387  -2.3506815e-05
       1655.8338   1.7250938e-05
       1656.9290   1.7834968e-05
       1658.0241  -8.3716778e-07
       1659.1192   8.8481367e-07
       1660.2143   7.0448121e-06
       1661.3095  -1.9324070e-05
       1662.4046  -6.0959717e-06
       1663.4997   1.2217532e-05
       1664.5949   1.8197836e-05
       1665.6900  -2.0965240e-07
       1666.7851   1.6329822e-06
       1667.8802  -5.5952165e-06
       1668.9754   9.5392349e-06
       1670.0705   8.1327011e-06
       1671.1656  -2.7962057e-05
       1672.2607   1.5782351e-06
       1673.3559   7.1651796e-06
       1674.4510   3.6162305e-06
       1675.5461   1.9461841e-07
       1676.6413  -1.3943765e-05
       1677.7364   6.1130835e-06
       1678.8315   4.0035796e-06
       1679.9266   5.5105575e-06
       1681.0218   1.0596871e-06
       1682.1169   2.8407061e-05
       1683.2120   1.8100983e-05
       1684.3072  -1.3355299e-05
       1685.4023  -1.2125626e-05
       1686.4974   1.0572598e-06
       1687.5925   2.9137653e-05
       1688.6877   6.6010563e-06
       1689.7828   2.4233729e-05
       1690.8779   3.6383380e-06
       1691.9731   2.9962107e-05
       1693.0682  -3.8524743e-06
       1694.1633  -4.1520077e-07
       1695.2584  -6.7793516e-06
       1696.3536   3.3053253e-06
       1697.4487   1.9684456e-05
       1698.5438   3.5691784e-05
       1699.6390   1.8831936e-05
       1700.7341   6.2653597e-06
       1701.8292   1.4838944e-05
       1702.9243   1.2708749e-05
       1704.0195   3.0390730e-05
       1705.1146   3.9426675e-06
       1706.2097   3.7874679e-06
       1707.3049  -3.5031928e-06
       1708.4000   5.8159699e-06
       1709.4951   9.8088255e-06
       1710.5902   3.7411463e-06
       1711.6854  -2.8991421e-06
       1712.7805  -8.2464190e-06
       1713.8756  -9.4960061e-07
       1714.9707   1.0790235e-05
       1716.0659  -1.9067869e-07
       1717.1610   1.0706709e-06
       1718.2561   4.2622752e-06
       1719.3513   3.9219534e-06
       1720.4464   1.0509447e-06
       1721.5415   1.6651445e-05
       1722.6366   1.4134924e-05
       1723.7318   6.7207379e-06
       1724.8269  -1.9267218e-05
       1725.9220  -2.4794203e-05
       1727.0172  -1.5581697e-05
       1728.1123   3.0395375e-06
       1729.2074   1.7770253e-05
       1730.3025   1.4944913e-05
       1731.3977  -7.3964659e-06
       1732.4928   2.4863384e-05
       1733.5879  -2.9319132e-06
       1734.6831   9.1907110e-06
       1735.7782  -3.1042594e-06
       1736.8733   5.0788094e-06
       1737.9684   9.9559438e-06
       1739.0636  -1.2287072e-05
       1740.1587   2.1857172e-06
       1741.2538  -2.3895108e-06
       1742.3490   6.1523837e-06
       1743.4441   2.3728764e-05
       1744.5392   2.4456290e-05
       1745.6343   3.4265087e-06
       1746.7295   1.3178176e-05
       1747.8246   9.4714039e-06
       1748.9197  -2.0460302e-05
       1750.0149   6.7279493e-06
       1751.1100  -3.0884189e-06
       1752.2051   1.4376010e-05
       1753.3002   7.6096873e-06
       1754.3954  -1.5252999e-05
       1755.4905  -3.8606192e-06
       1756.5856   1.2330822e-05
       1757.6807   3.5887534e-06
       1758.7759  -7.1046676e-06
       1759.8710  -3.4451448e-05
       1760.9661   1.2931311e-05
       1762.0613   5.1516777e-06
       1763.1564   1.5820237e-05
       1764.2515  -1.3007997e-05
       1765.3466   2.2611498e-05
       1766.4418   1.7477457e-05
       1767.5369   6.1933344e-06
       1768.6320   1.2306847e-05
       1769.7272   1.2791012e-05
       1770.8223  -8.1819448e-06
       1771.9174  -2.2277394e-06
       1773.0125  -6.6134834e-07
       1774.1077   6.6229087e-06
       1775.2028  -6.4346854e-06
       1776.2979   1.6825016e-05
       1777.3931  -1.5358220e-05
       1778.4882   1.1765084e-05
       1779.5833   2.6258958e-06
       1780.6784  -1.7141647e-06
       1781.7736   1.0666739e-05
       1782.8687   9.6449351e-06
       1783.9638   1.8191025e-07
       1785.0590   7.1300097e-06
       1786.1541  -5.8730134e-06
       1787.2492   1.5097287e-06
       1788.3443   1.9665178e-05
       1789.4395   4.9900621e-07
       1790.5346   1.5163116e-05
       1791.6297  -3.8836490e-06
       1792.7249   1.1728921e-05
       1793.8200   1.2609027e-05
       1794.9151   3.0876190e-05
       1796.0102   3.8830352e-05
       1797.1054   4.9522260e-05
       1798.2005   5.7152193e-05
       1799.2956   5.5795114e-05
       1800.3907   7.0958304e-05
       1801.4859   9.0605049e-05
       1802.5810   9.4726806e-05
       1803.6761   0.00011321258
       1804.7713   0.00010415091
       1805.8664   0.00012021322
       1806.9615   0.00013460186
       1808.0566   0.00013683190
       1809.1518   0.00015307858
       1810.2469   0.00015862151
       1811.3420   0.00015811311
       1812.4372   0.00017579549
       1813.5323   0.00019209669
       1814.6274   0.00020914754
       1815.7225   0.00022168081
       1816.8177   0.00023295073
       1817.9128   0.00023427025
       1819.0079   0.00023619779
       1820.1031   0.00025165856
       1821.1982   0.00024716773
       1822.2933   0.00026285104
       1823.3884   0.00028729040
       1824.4836   0.00028213408
       1825.5787   0.00030383081
       1826.6738   0.00030144739
       1827.7690   0.00030988768
       1828.8641   0.00034517979
       1829.9592   0.00035390522
       1831.0543   0.00033140275
       1832.1495   0.00036136737
       1833.2446   0.00035697381
       1834.3397   0.00038251920
       1835.4348   0.00036183491
       1836.5300   0.00038069620
       1837.6251   0.00038939483
       1838.7202   0.00039490342
       1839.8154   0.00040867141
       1840.9105   0.00042885021
       1842.0056   0.00042988876
       1843.1007   0.00044953722
       1844.1959   0.00045559073
       1845.2910   0.00045590391
       1846.3861   0.00048593988
       1847.4813   0.00046891997
       1848.5764   0.00049778943
       1849.6715   0.00048346252
       1850.7666   0.00049676639
       1851.8618   0.00052000474
       1852.9569   0.00052623132
       1854.0520   0.00051919183
       1855.1472   0.00054220465
       1856.2423   0.00055701692
       1857.3374   0.00056414754
       1858.4325   0.00056675597
       1859.5277   0.00059130541
       1860.6228   0.00059273894
       1861.7179   0.00058511164
       1862.8131   0.00061605129
       1863.9082   0.00061009116
       1865.0033   0.00061248886
       1866.0984   0.00062598794
       1867.1936   0.00060965670
       1868.2887   0.00064133863
       1869.3838   0.00066136771
       1870.4790   0.00065353483
       1871.5741   0.00066752688
       1872.6692   0.00069583011
       1873.7643   0.00068514069
       1874.8595   0.00069512682
       1875.9546   0.00071179405
       1877.0497   0.00073438840
       1878.1448   0.00073257052
       1879.2400   0.00075504511
       1880.3351   0.00074612500
       1881.4302   0.00075140895
       1882.5254   0.00074464262
       1883.6205   0.00075759464
       1884.7156   0.00077594828
       1885.8107   0.00077788524
       1886.9059   0.00078598549
       1888.0010   0.00080554633
       1889.0961   0.00080171236
       1890.1913   0.00081405512
       1891.2864   0.00083647162
       1892.3815   0.00082819551
       1893.4766   0.00083515410
       1894.5718   0.00084598513
       1895.6669   0.00085925729
       1896.7620   0.00085737929
       1897.8572   0.00088248105
       1898.9523   0.00088242406
       1900.0474   0.00088286086
       1901.1425   0.00089691350
       1902.2377   0.00091504106
       1903.3328   0.00090790003
       1904.4279   0.00091942310
       1905.5231   0.00093175405
       1906.6182   0.00093509158
       1907.7133   0.00093375145
       1908.8084   0.00093674109
       1909.9036   0.00096343550
       1910.9987   0.00096528422
       1912.0938   0.00097528317
       1913.1890   0.00098620402
       1914.2841   0.00099147159
       1915.3792    0.0010038189
       1916.4743    0.0010036262
       1917.5695    0.0010138719
       1918.6646    0.0010210042
       1919.7597    0.0010385260
       1920.8548    0.0010433593
       1921.9500    0.0010507331
       1923.0451    0.0010505800
       1924.1402    0.0010596459
       1925.2354    0.0010672430
       1926.3305    0.0010756845
       1927.4256    0.0010772501
       1928.5207    0.0010885574
       1929.6159    0.0010968393
       1930.7110    0.0011042545
       1931.8061    0.0011146299
       1932.9013    0.0011192508
       1933.9964    0.0011314257
       1935.0915    0.0011412595
       1936.1866    0.0011635028
       1937.2818    0.0011512070
       1938.3769    0.0011620561
       1939.4720    0.0011722429
       1940.5672    0.0011861642
       1941.6623    0.0011768798
       1942.7574    0.0011905457
       1943.8525    0.0011935653
       1944.9477    0.0012058783
       1946.0428    0.0012169173
       1947.1379    0.0012383287
       1948.2331    0.0012190125
       1949.3282    0.0012261806
       1950.4233    0.0012329401
       1951.5184    0.0012487357
       1952.6136    0.0012566017
       1953.7087    0.0012604999
       1954.8038    0.0012683876
       1955.8990    0.0012747839
       1956.9941    0.0012899325
       1958.0892    0.0012953033
       1959.1843    0.0012931273
       1960.2795    0.0013015614
       1961.3746    0.0013058344
       1962.4697    0.0013162038
       1963.5648    0.0013203935
       1964.6600    0.0013277276
       1965.7551    0.0013280634
       1966.8502    0.0013405630
       1967.9454    0.0013509377
       1969.0405    0.0013572423
       1970.1356    0.0013574615
       1971.2307    0.0013749425
       1972.3259    0.0013783870
       1973.4210    0.0013758263
       1974.5161    0.0013950403
       1975.6113    0.0014064528
       1976.7064    0.0014053726
       1977.8015    0.0014187929
       1978.8966    0.0014156651
       1979.9918    0.0014265931
       1981.0869    0.0014389763
       1982.1820    0.0014413055
       1983.2772    0.0014509534
       1984.3723    0.0014547469
       1985.4674    0.0014597974
       1986.5625    0.0014672085
       1987.6577    0.0014802793
       1988.7528    0.0014980119
       1989.8479    0.0014954665
       1990.9431    0.0014906278
       1992.0382    0.0014954424
       1993.1333    0.0015075445
       1994.2284    0.0015226154
       1995.3236    0.0015273597
       1996.4187    0.0015363127
       1997.5138    0.0015388360
       1998.6090    0.0015386018
       1999.7041    0.0015479880
       2000.7992    0.0015477769
       2001.8943    0.0015496163
       2002.9895    0.0015632772
       2004.0846    0.0015751726
       2005.1797    0.0015813830
       2006.2748    0.0015913580
       2007.3700    0.0015898422
       2008.4651    0.0015904473
       2009.5602    0.0016056587
       2010.6554    0.0015995781
       2011.7505    0.0016162805
       2012.8456    0.0016316743
       2013.9407    0.0016255150
       2015.0359    0.0016398298
       2016.1310    0.0016347017
       2017.2261    0.0016419359
       2018.3213    0.0016576609
       2019.4164    0.0016599639
       2020.5115    0.0016632426
       2021.6066    0.0016731420
       2022.7018    0.0016735911
       2023.7969    0.0016742215
       2024.8920    0.0016841913
       2025.9872    0.0016914814
       2027.0823    0.0016953205
       2028.1774    0.0017046767
       2029.2725    0.0017088394
       2030.3677    0.0017223371
       2031.4628    0.0017227013
       2032.5579    0.0017313778
       2033.6531    0.0017357585
       2034.7482    0.0017438068
       2035.8433    0.0017511208
       2036.9384    0.0017620640
       2038.0336    0.0017643365
       2039.1287    0.0017749658
       2040.2238    0.0017718577
       2041.3189    0.0017781956
       2042.4141    0.0017932655
       2043.5092    0.0017941847
       2044.6043    0.0018031736
       2045.6995    0.0017970966
       2046.7946    0.0018165964
       2047.8897    0.0018147440
       2048.9848    0.0018086451
       2050.0800    0.0018302007
       2051.1751    0.0018281094
       2052.2702    0.0018397437
       2053.3654    0.0018472898
       2054.4605    0.0018537295
       2055.5556    0.0018629268
       2056.6507    0.0018683345
       2057.7459    0.0018675330
       2058.8410    0.0018737264
       2059.9361    0.0018828243
       2061.0313    0.0019014397
       2062.1264    0.0019035254
       2063.2215    0.0018968793
       2064.3166    0.0019014011
       2065.4118    0.0018949245
       2066.5069    0.0019079358
       2067.6020    0.0019173860
       2068.6972    0.0019245063
       2069.7923    0.0019341870
       2070.8874    0.0019291762
       2071.9825    0.0019476765
       2073.0777    0.0019510617
       2074.1728    0.0019536623
       2075.2679    0.0019451426
       2076.3631    0.0019731590
       2077.4582    0.0019754778
       2078.5533    0.0019692714
       2079.6484    0.0019930581
       2080.7436    0.0019928398
       2081.8387    0.0019983143
       2082.9338    0.0019885336
       2084.0289    0.0020023484
       2085.1241    0.0019982098
       2086.2192    0.0020143747
       2087.3143    0.0020166762
       2088.4095    0.0020154876
       2089.5046    0.0020226444
       2090.5997    0.0020223946
       2091.6948    0.0020358613
       2092.7900    0.0020350838
       2093.8851    0.0020507697
       2094.9802    0.0020597205
       2096.0754    0.0020668155
       2097.1705    0.0020613597
       2098.2656    0.0020614915
       2099.3607    0.0020736757
       2100.4559    0.0020826058
       2101.5510    0.0020826083
       2102.6461    0.0020851468
       2103.7413    0.0021048420
       2104.8364    0.0021151056
       2105.9315    0.0021095805
       2107.0266    0.0021010634
       2108.1218    0.0021202309
       2109.2169    0.0021300802
       2110.3120    0.0021264112
       2111.4072    0.0021245302
       2112.5023    0.0021371191
       2113.5974    0.0021380834
       2114.6925    0.0021445761
       2115.7877    0.0021361821
       2116.8828    0.0021604607
       2117.9779    0.0021646936
       2119.0731    0.0021717973
       2120.1682    0.0021792006
       2121.2633    0.0021743013
       2122.3584    0.0021792357
       2123.4536    0.0021846460
       2124.5487    0.0021951502
       2125.6438    0.0021901709
       2126.7389    0.0021884270
       2127.8341    0.0022092340
       2128.9292    0.0022168877
       2130.0243    0.0022310156
       2131.1195    0.0022223802
       2132.2146    0.0022353553
       2133.3097    0.0022416548
       2134.4048    0.0022396067
       2135.5000    0.0022450199
       2136.5951    0.0022441160
       2137.6902    0.0022620953
       2138.7854    0.0022611155
       2139.8805    0.0022622057
       2140.9756    0.0022662633
       2142.0707    0.0022749357
       2143.1659    0.0022889620
       2144.2610    0.0022778069
       2145.3561    0.0022837139
       2146.4513    0.0022807057
       2147.5464    0.0022953966
       2148.6415    0.0022985375
       2149.7366    0.0023120208
       2150.8318    0.0023079208
       2151.9269    0.0023188007
       2153.0220    0.0023251997
       2154.1172    0.0023311719
       2155.2123    0.0023319560
       2156.3074    0.0023306320
       2157.4025    0.0023493140
       2158.4977    0.0023412343
       2159.5928    0.0023576501
       2160.6879    0.0023588388
       2161.7831    0.0023613047
       2162.8782    0.0023681783
       2163.9733    0.0023723880
       2165.0684    0.0023729503
       2166.1636    0.0023717164
       2167.2587    0.0023768115
       2168.3538    0.0023876978
       2169.4489    0.0023884449
       2170.5441    0.0023889175
       2171.6392    0.0023977594
       2172.7343    0.0024067177
       2173.8295    0.0024080797
       2174.9246    0.0024122992
       2176.0197    0.0024166466
       2177.1148    0.0024248776
       2178.2100    0.0024302978
       2179.3051    0.0024376891
       2180.4002    0.0024347228
       2181.4954    0.0024417969
       2182.5905    0.0024532394
       2183.6856    0.0024472923
       2184.7807    0.0024599050
       2185.8759    0.0024581481
       2186.9710    0.0024521372
       2188.0661    0.0024686161
       2189.1613    0.0024688796
       2190.2564    0.0024658854
       2191.3515    0.0024701306
       2192.4466    0.0024851445
       2193.5418    0.0024951212
       2194.6369    0.0024972568
       2195.7320    0.0025007839
       2196.8272    0.0025013659
       2197.9223    0.0025035611
       2199.0174    0.0024990213
       2200.1125    0.0025080759
       2201.2077    0.0025160108
       2202.3028    0.0025185753
       2203.3979    0.0025160142
       2204.4931    0.0025215703
       2205.5882    0.0025282220
       2206.6833    0.0025325147
       2207.7784    0.0025362338
       2208.8736    0.0025432082
       2209.9687    0.0025480811
       2211.0638    0.0025552539
       2212.1589    0.0025638575
       2213.2541    0.0025535665
       2214.3492    0.0025692873
       2215.4443    0.0025710807
       2216.5395    0.0025757634
       2217.6346    0.0025784943
       2218.7297    0.0025710619
       2219.8248    0.0025935333
       2220.9200    0.0025956063
       2222.0151    0.0025985359
       2223.1102    0.0025994692
       2224.2054    0.0026026704
       2225.3005    0.0025987270
       2226.3956    0.0026126755
       2227.4907    0.0026156593
       2228.5859    0.0026204859
       2229.6810    0.0026186376
       2230.7761    0.0026263720
       2231.8713    0.0026313170
       2232.9664    0.0026255103
       2234.0615    0.0026347137
       2235.1566    0.0026445872
       2236.2518    0.0026532946
       2237.3469    0.0026575123
       2238.4420    0.0026592035
       2239.5372    0.0026645550
       2240.6323    0.0026571250
       2241.7274    0.0026692677
