# via https://phy-wiki.princeton.edu/actwiki/pmwiki.php?n=Bandpasses.Bandpasses?action=download&upname=mce3_nosmoothing.txt
       0.0000000       1514.1942
       1.0951282       724.88747
       2.1902564      -3.2230629
       3.2853846      0.14857390
       4.3805128       1.8435337
       5.4756410       3.5079384
       6.5707692      0.54214906
       7.6658973       1.1462457
       8.7610255    0.0040156383
       9.8561537       2.2247985
       10.951282      0.72326216
       12.046410      0.67484714
       13.141538      0.25475740
       14.236666      0.45846246
       15.331795     0.088077810
       16.426923      0.68643308
       17.522051      0.44916650
       18.617179      0.66820942
       19.712307      0.32876535
       20.807436      0.61628502
       21.902564     0.017519903
       22.997692      0.35750514
       24.092820     0.033331583
       25.187948      0.21092225
       26.283077   -0.0032488459
       27.378205      0.14774041
       28.473333    -0.045776022
       29.568461      0.13007616
       30.663589    -0.063893520
       31.758718      0.18278797
       32.853846      0.13666756
       33.948974      0.16008459
       35.044102    -0.033972699
       36.139230      0.11502959
       37.234359    -0.053130959
       38.329487     0.096803895
       39.424615     0.017888489
       40.519743     0.083782364
       41.614871     0.010008415
       42.709999     0.059810603
       43.805128    -0.017713353
       44.900256     0.059984377
       45.995384    -0.012945323
       47.090512     0.048385557
       48.185640     0.010864481
       49.280769     0.028718257
       50.375897  -0.00033690499
       51.471025     0.036801876
       52.566153   -0.0061959928
       53.661281     0.069605441
       54.756410   -0.0050214611
       55.851538     0.026668077
       56.946666     0.015884888
       58.041794     0.031565688
       59.136922   0.00071899509
       60.232051     0.032290198
       61.327179   0.00039345405
       62.422307     0.043992335
       63.517435    0.0088427078
       64.612563    0.0090326000
       65.707692    0.0013881579
       66.802820     0.022554945
       67.897948    -0.042800230
       68.993076     0.026662600
       70.088204    0.0087402226
       71.183332    0.0019828900
       72.278461    -0.015040207
       73.373589     0.027706619
       74.468717    -0.014510217
       75.563845     0.016127775
       76.658973    0.0023402176
       77.754102     0.016718015
       78.849230   0.00096629220
       79.944358     0.014184019
       81.039486   -0.0036428290
       82.134614     0.019026343
       83.229743   -0.0077434319
       84.324871     0.012153910
       85.419999    -0.014373013
       86.515127     0.011262981
       87.610255   0.00083639505
       88.705384     0.031342357
       89.800512   -0.0011259637
       90.895640    0.0083817944
       91.990768   -0.0085246329
       93.085896     0.020382248
       94.181025    -0.011534337
       95.276153    0.0095234221
       96.371281  -0.00074828534
       97.466409    0.0098052303
       98.561537    0.0026218111
       99.656665     0.014584883
       100.75179    0.0038740391
       101.84692     0.015412353
       102.94205    -0.011596756
       104.03718    0.0072544019
       105.13231    -0.012655191
       106.22743    0.0097784973
       107.32256   -0.0024625357
       108.41769    0.0094497146
       109.51282   0.00043716054
       110.60795     0.013194338
       111.70308    0.0095531860
       112.79820   0.00025873931
       113.89333    -0.017168657
       114.98846    0.0028944423
       116.08359   -0.0097001115
       117.17872    0.0039742199
       118.27384   -0.0064373585
       119.36897     0.015416567
       120.46410   -0.0015413228
       121.55923     0.011065097
       122.65436    -0.013264972
       123.74949   0.00088198598
       124.84461    -0.011512351
       125.93974  -2.5357134e-05
       127.03487    -0.012949048
       128.13000   -0.0016817849
       129.22513   -0.0095806124
       130.32025    0.0062964042
       131.41538    -0.015675923
       132.51051    0.0017859906
       133.60564    -0.012750914
       134.70077    -0.010167213
       135.79590   -0.0047895855
       136.89102    0.0040963545
       137.98615   -0.0039641735
       139.08128     0.012191424
       140.17641    -0.011173058
       141.27154    -0.017277238
       142.36666    -0.016672797
       143.46179   -0.0043377932
       144.55692   -0.0081475805
       145.65205   -0.0033838153
       146.74718   -0.0091146119
       147.84231    0.0032302031
       148.93743   -0.0048741835
       150.03256    0.0040238590
       151.12769   -0.0089602860
       152.22282    0.0012177498
       153.31795   -0.0044673528
       154.41308   -0.0013908781
       155.50820   -0.0048283021
       156.60333    0.0027449060
       157.69846   -0.0084211257
       158.79359   0.00075282690
       159.88872   -0.0066997165
       160.98384    0.0034547221
       162.07897   -0.0030165126
       163.17410    0.0042299865
       164.26923   -0.0046752762
       165.36436  -0.00067541737
       166.45949   -0.0065392043
       167.55461   -0.0019360844
       168.64974   -0.0052312497
       169.74487   0.00033509077
       170.84000   -0.0051957645
       171.93513    0.0029489495
       173.03025   -0.0063174263
       174.12538    0.0035180486
       175.22051   -0.0041565926
       176.31564    0.0018275928
       177.41077   -0.0031116910
       178.50590   -0.0011897063
       179.60102   -0.0039258089
       180.69615    0.0027784927
       181.79128   -0.0036640520
       182.88641    0.0040990310
       183.98154   -0.0025947393
       185.07666    0.0021040261
       186.17179   -0.0041234915
       187.26692    0.0025365751
       188.36205  -6.4426829e-05
       189.45718    0.0034099141
       190.55231   -0.0015679502
       191.64743   0.00065808402
       192.74256   -0.0034790411
       193.83769    0.0053238624
       194.93282   -0.0024547843
       196.02795    0.0027904023
       197.12307   -0.0032978408
       198.21820    0.0017009478
       199.31333   -0.0024364985
       200.40846    0.0050065135
       201.50359   -0.0027635187
       202.59872    0.0032284957
       203.69384   -0.0030116584
       204.78897    0.0046895355
       205.88410   -0.0026452716
       206.97923    0.0030069086
       208.07436   -0.0033056603
       209.16948    0.0034171084
       210.26461   -0.0015789760
       211.35974    0.0015740795
       212.45487   -0.0022183694
       213.55000    0.0013863739
       214.64513   -0.0011398941
       215.74025    0.0025871528
       216.83538  -0.00025869007
       217.93051    0.0042281151
       219.02564   3.9545770e-06
       220.12077    0.0041658396
       221.21589   -0.0027092933
       222.31102    0.0027954845
       223.40615   -0.0018781035
       224.50128    0.0023476417
       225.59641   -0.0017270130
       226.69154    0.0053284379
       227.78666   -0.0038934023
       228.88179    0.0094708585
       229.97692    0.0089047614
       231.07205    0.0077220720
       232.16718    0.0025553967
       233.26230    0.0034815916
       234.35743   0.00023638784
       235.45256    0.0036239761
       236.54769   0.00030714107
       237.64282    0.0042937416
       238.73795    0.0027347933
       239.83307    0.0085922096
       240.92820     0.064121913
       242.02333     0.068973933
       243.11846     0.013894894
       244.21359     0.019965824
       245.30872    0.0061760839
       246.40384     0.011694466
       247.49897    0.0071728579
       248.59410     0.012043433
       249.68923    0.0092344605
       250.78436     0.042394767
       251.87948      0.23068150
       252.97461      0.27906763
       254.06974     0.076695251
       255.16487     0.096950380
       256.26000     0.033478634
       257.35513     0.072001391
       258.45025     0.037923999
       259.54538     0.085502507
       260.64051     0.083655728
       261.73564      0.46417368
       262.83077      0.95775806
       263.92589      0.58450123
       265.02102      0.37959854
       266.11615      0.29789126
       267.21128      0.25863842
       268.30641      0.34011789
       269.40154      0.39811054
       270.49666      0.55422936
       271.59179      0.70299949
       272.68692      0.76722000
       273.78205      0.76676691
       274.87718      0.72181480
       275.97230      0.70261042
       277.06743      0.73179120
       278.16256      0.72605484
       279.25769      0.73928767
       280.35282      0.68469796
       281.44795      0.82514225
       282.54307      0.85830109
       283.63820      0.80683917
       284.73333      0.52674474
       285.82846      0.39314917
       286.92359      0.26065110
       288.01871      0.28281240
       289.11384      0.32990206
       290.20897       1.0000000
       291.30410      0.95630963
       292.39923      0.35901040
       293.49436      0.22035150
       294.58948     0.087127480
       295.68461     0.075151062
       296.77974     0.021422753
       297.87487     0.043123303
       298.97000     0.015828679
       300.06512     0.069502589
       301.16025      0.17799770
       302.25538      0.12666527
       303.35051     0.037621329
       304.44564     0.034997461
       305.54077    0.0084549187
       306.63589     0.016398115
       307.73102    0.0021864728
       308.82615     0.014219443
       309.92128    0.0025118524
       311.01641     0.011402962
       312.11153     0.025391127
       313.20666     0.042598311
       314.30179    0.0099104859
       315.39692     0.014566939
       316.49205    0.0032347351
       317.58718    0.0088676349
       318.68230   0.00011147185
       319.77743    0.0068888993
       320.87256  -0.00073296656
       321.96769    0.0060236042
       323.06282    0.0016944557
       324.15794     0.014252245
       325.25307    0.0045849832
       326.34820    0.0068782543
       327.44333   0.00029649092
       328.53846    0.0049867256
       329.63359  -0.00053802962
       330.72871    0.0020573510
       331.82384   -0.0014095176
       332.91897    0.0031081743
       334.01410  -0.00092415922
       335.10923    0.0039544020
       336.20435   0.00084311976
       337.29948    0.0042573714
       338.39461  -0.00081930262
       339.48974    0.0025118284
       340.58487   -0.0010998176
       341.68000    0.0025471887
       342.77512  -0.00072300589
       343.87025    0.0021890395
       344.96538   -0.0014233566
       346.06051    0.0015644872
       347.15564   7.1292323e-05
       348.25077    0.0022636031
       349.34589   -0.0011709592
       350.44102    0.0020204379
       351.53615   -0.0011824781
       352.63128    0.0020192396
       353.72641  -0.00065364072
       354.82153    0.0010155989
       355.91666  -0.00099002387
       357.01179    0.0013839942
       358.10692  -0.00010357219
       359.20205    0.0018096471
       360.29718  -0.00084706850
       361.39230    0.0011288906
       362.48743  -0.00061682679
       363.58256    0.0016061679
       364.67769  -0.00071605083
       365.77282    0.0012341160
       366.86794  -0.00056614754
       367.96307    0.0012091188
       369.05820  -0.00057672220
       370.15333    0.0013960335
       371.24846  -0.00036522893
       372.34359   0.00097881458
       373.43871  -0.00021903083
       374.53384   0.00075642934
       375.62897   -0.0010271506
       376.72410    0.0011723967
       377.81923  -0.00070113539
       378.91435   0.00077332493
       380.00948  -0.00076342684
       381.10461  -0.00057154471
       382.19974  -0.00043375206
       383.29487    0.0011413426
       384.39000  -0.00068356493
       385.48512   0.00028340022
       386.58025  -0.00019748173
       387.67538   0.00073044048
       388.77051  -0.00059196370
       389.86564   0.00071161799
       390.96076  -5.0860497e-06
       392.05589    0.0010810464
       393.15102  -0.00054296269
       394.24615   0.00088305365
       395.34128  -0.00036526206
       396.43641   0.00061154422
       397.53153  -2.4922921e-06
       398.62666   0.00081824568
       399.72179  -0.00041815728
       400.81692   0.00086606272
       401.91205   0.00057846982
       403.00717   0.00095116713
       404.10230  -0.00046367192
       405.19743   0.00097298291
       406.29256   0.00025563625
       407.38769   0.00085587358
       408.48282   0.00022439809
       409.57794   0.00079277540
       410.67307   0.00055747023
       411.76820    0.0021370281
       412.86333    0.0014014444
       413.95846    0.0011843928
       415.05358   0.00025849358
       416.14871   0.00076116833
       417.24384  -4.8564267e-05
       418.33897    0.0013426596
       419.43410   0.00035726643
       420.52923   0.00083891474
       421.62435   0.00081050229
       422.71948    0.0010860326
       423.81461   0.00069023273
       424.90974    0.0013845219
       426.00487   0.00079345668
       427.09999    0.0016093201
       428.19512   0.00048187534
       429.29025    0.0017874328
       430.38538   0.00048303425
       431.48051   0.00093131263
       432.57564   0.00067380593
       433.67076    0.0013902082
       434.76589   3.2473475e-05
       435.86102   0.00079877668
       436.95615  -0.00025711104
       438.05128   0.00032491624
       439.14640   0.00083802491
       440.24153    0.0019661212
       441.33666   0.00074675019
       442.43179   0.00029757235
       443.52692  -0.00026475372
       444.62205   0.00027035332
       445.71717  -0.00015732561
       446.81230   0.00074318263
       447.90743  -0.00089535684
       449.00256   1.7032840e-05
       450.09769  -4.1307853e-05
       451.19282   0.00065957140
       452.28794  -0.00011057434
       453.38307   0.00054702702
       454.47820  -8.0328782e-05
       455.57333   0.00051018756
       456.66846  -0.00019436129
       457.76358   0.00041230599
       458.85871  -0.00029428140
       459.95384  -0.00016784118
       461.04897  -0.00030552658
       462.14410   0.00035473413
       463.23923   0.00019687527
       464.33435   0.00036600716
       465.42948  -0.00039331287
       466.52461   0.00054173815
       467.61974  -5.9247200e-05
       468.71487   2.7566881e-05
       469.80999  -0.00027938084
       470.90512   0.00051368174
       472.00025  -0.00023688092
       473.09538   0.00019915156
       474.19051  -0.00096775590
       475.28564   0.00014518643
       476.38076  -0.00011359461
       477.47589   0.00028773853
       478.57102   2.9717895e-05
       479.66615  -0.00017542535
       480.76128  -7.0256248e-05
       481.85640   0.00045478403
       482.95153  -9.4560187e-05
       484.04666   0.00010136350
       485.14179  -4.0490086e-05
       486.23692   0.00028463693
       487.33205  -0.00016972891
       488.42717  -0.00015769592
       489.52230  -0.00011252002
       490.61743   0.00028512883
       491.71256  -0.00013895185
       492.80769   0.00013716094
       493.90281  -0.00034977619
       494.99794  -2.4219306e-05
       496.09307  -0.00032232882
       497.18820   0.00025992871
       498.28333  -0.00027819482
       499.37846   0.00041412266
       500.47358  -0.00045041247
       501.56871   0.00017463989
       502.66384  -4.1495623e-05
       503.75897   0.00015959508
       504.85410  -0.00016590231
       505.94922   8.2466062e-05
       507.04435  -0.00041693843
       508.13948   0.00014107574
       509.23461  -3.2430849e-05
       510.32974   9.8580758e-05
       511.42487  -8.9988254e-05
       512.51999   0.00015120630
       513.61512  -3.9620088e-06
       514.71025   0.00017864229
       515.80538  -0.00036353729
       516.90051   0.00013276107
       517.99563  -2.3530522e-05
       519.09076   0.00026065864
       520.18589   3.6412123e-05
       521.28102   0.00014262061
       522.37615  -0.00010354325
       523.47128   0.00015734454
       524.56640   8.8639642e-05
       525.66153   3.1448574e-05
       526.75666  -0.00029860106
       527.85179   0.00013237277
       528.94692   1.9269691e-05
       530.04204   0.00012176211
       531.13717   6.1346118e-05
       532.23230   0.00017219293
       533.32743  -0.00026658278
       534.42256  -0.00023357730
       535.51769   0.00011197062
       536.61281   0.00050703001
       537.70794   0.00022705008
       538.80307   0.00020110446
       539.89820  -1.4958327e-05
       540.99333   0.00017305435
       542.08846  -4.5023460e-05
       543.18358  -8.0032646e-06
       544.27871  -1.7364700e-06
       545.37384   0.00036250819
       546.46897  -6.2795585e-05
       547.56410   4.8387451e-05
       548.65922  -0.00020583330
       549.75435   0.00016041970
       550.84948  -8.8489672e-05
       551.94461   0.00031850323
       553.03974  -0.00015899666
       554.13487   3.1396246e-05
       555.22999  -1.9399003e-05
       556.32512   6.9863195e-05
       557.42025  -6.6784526e-05
       558.51538  -3.2078093e-05
       559.61051   3.6781484e-05
       560.70563   0.00011324905
       561.80076  -5.0284516e-05
       562.89589   0.00013169890
       563.99102  -8.9577454e-06
       565.08615   4.7282394e-05
       566.18128  -0.00019196778
       567.27640   0.00011108844
       568.37153  -6.6180596e-05
       569.46666   0.00013710074
       570.56179  -0.00024762022
       571.65692  -6.8930575e-05
       572.75204   0.00011277651
       573.84717   6.0995661e-05
       574.94230   0.00012696488
       576.03743   0.00016710029
       577.13256  -0.00015658005
       578.22769  -0.00028649433
       579.32281  -0.00024470308
       580.41794   0.00010324938
       581.51307  -0.00038267955
       582.60820  -7.0044715e-05
       583.70333  -8.9257293e-05
       584.79845  -0.00016675178
       585.89358  -0.00016602968
       586.98871   0.00019324650
       588.08384  -0.00033826773
       589.17897   0.00013869985
       590.27410  -0.00010462398
       591.36922  -4.4819569e-05
       592.46435  -0.00014285621
       593.55948  -4.2362924e-05
       594.65461  -0.00012331241
       595.74974   4.3192448e-07
       596.84486  -3.0070320e-05
       597.93999  -3.0605711e-05
       599.03512  -3.1941084e-05
       600.13025  -0.00015986017
       601.22538   0.00021694705
       602.32051   5.9497661e-05
       603.41563  -0.00019107080
       604.51076   9.4361543e-05
       605.60589   6.2955947e-05
       606.70102  -4.0577897e-05
       607.79615   2.1254498e-05
       608.89127   0.00013141419
       609.98640  -0.00019454921
       611.08153   0.00015892123
       612.17666   1.4798564e-05
       613.27179   3.6385897e-05
       614.36692  -3.7367406e-05
       615.46204  -5.0642694e-06
       616.55717  -0.00017553374
       617.65230  -3.0224105e-05
       618.74743  -0.00024229828
       619.84256   8.1743504e-05
       620.93768  -0.00023491363
       622.03281  -0.00016750145
       623.12794  -0.00019942393
       624.22307   9.9072787e-05
       625.31820  -0.00012177107
       626.41333  -1.9511347e-06
       627.50845  -2.1562217e-05
       628.60358   2.1903165e-05
       629.69871  -0.00018466138
       630.79384  -5.2248816e-05
       631.88897   0.00014737599
       632.98409   9.4670177e-05
       634.07922  -0.00015552932
       635.17435   8.8841207e-05
       636.26948   4.2304873e-05
       637.36461  -0.00017245318
       638.45974  -0.00018133687
       639.55486   0.00026258336
       640.64999  -2.5569116e-05
       641.74512   4.2277490e-05
       642.84025  -1.2942424e-05
       643.93538   0.00018952825
       645.03051  -0.00020798846
       646.12563  -5.7887462e-05
       647.22076  -4.5686595e-05
       648.31589   0.00018013159
       649.41102  -0.00016616529
       650.50615  -0.00035087284
       651.60127  -0.00012874167
       652.69640   1.5847295e-05
       653.79153  -0.00011750462
       654.88666  -9.7143994e-05
       655.98179  -5.6403779e-05
       657.07692   4.9439802e-05
       658.17204  -0.00011239414
       659.26717   3.1178937e-05
       660.36230   4.6192814e-05
       661.45743   6.7950709e-05
       662.55256  -0.00024852633
       663.64768  -0.00020259183
       664.74281  -9.4754884e-05
       665.83794  -0.00013526702
       666.93307  -0.00011888669
       668.02820   4.2618352e-06
       669.12333  -0.00025204733
       670.21845  -0.00022622126
       671.31358  -0.00023113262
       672.40871  -0.00011690227
       673.50384  -3.4355523e-05
       674.59897   3.6792755e-05
       675.69409   6.1851506e-05
       676.78922   4.6624195e-05
       677.88435  -1.9852652e-05
       678.97948   0.00017342996
       680.07461  -7.7329665e-05
       681.16974  -0.00021788480
       682.26486  -4.5141557e-05
       683.35999   0.00010869851
       684.45512  -7.9450950e-05
       685.55025   0.00011052178
       686.64538  -8.0978686e-06
       687.74050  -7.6093329e-05
       688.83563  -2.4797064e-05
       689.93076  -0.00024196995
       691.02589  -3.7599335e-05
       692.12102   4.7467817e-05
       693.21615  -6.9500035e-05
       694.31127   2.9028744e-05
       695.40640  -4.8809384e-05
       696.50153  -8.2166627e-05
       697.59666  -7.8816849e-05
       698.69179   0.00010091649
       699.78691   6.7183122e-06
       700.88204   3.2433177e-06
       701.97717  -9.1546589e-05
       703.07230   0.00015676362
       704.16743  -0.00015652638
       705.26256   0.00014409836
       706.35768   2.7908838e-05
       707.45281   1.1490342e-05
       708.54794   5.5184248e-05
       709.64307   5.8014265e-05
       710.73820   5.7248593e-06
       711.83332  -0.00014656314
       712.92845  -4.4991300e-05
       714.02358   0.00018870950
       715.11871  -0.00023123272
       716.21384   0.00012713307
       717.30897  -2.3914921e-05
       718.40409   0.00012858678
       719.49922  -4.9158834e-05
       720.59435   8.3617126e-05
       721.68948  -0.00029330274
       722.78461   5.7938425e-05
       723.87973   0.00010140684
       724.97486   0.00011600089
       726.06999   1.6930577e-05
       727.16512   6.1566426e-05
       728.26025   8.5036144e-05
       729.35538   8.2960034e-05
       730.45050   1.8071107e-05
       731.54563  -0.00012380526
       732.64076  -1.4113196e-05
       733.73589   2.0635363e-05
       734.83102  -1.1504492e-05
       735.92615   0.00018530860
       737.02127   7.2162784e-05
       738.11640   5.8264733e-05
       739.21153   0.00010177118
       740.30666  -0.00022490702
       741.40179   6.5078832e-05
       742.49691  -1.2682983e-05
       743.59204  -0.00010045130
       744.68717  -7.2528251e-05
       745.78230   8.4367203e-05
       746.87743   8.2310042e-05
       747.97256  -9.3277590e-05
       749.06768   0.00013692659
       750.16281  -1.6664321e-05
       751.25794   8.7868582e-05
       752.35307   8.4400678e-05
       753.44820   0.00027611966
       754.54332   1.3924480e-05
       755.63845  -9.4177937e-05
       756.73358   6.0761589e-05
       757.82871   2.9984949e-05
       758.92384   1.4405049e-05
       760.01897  -4.7810906e-06
       761.11409   2.3505603e-05
       762.20922   0.00017703911
       763.30435   2.0909931e-05
       764.39948   8.1025121e-05
       765.49461  -5.7876008e-05
       766.58973   9.1199802e-05
       767.68486   6.1040899e-05
       768.77999   0.00012721714
       769.87512   5.9728149e-05
       770.97025   4.4131495e-05
       772.06538  -6.9582517e-05
       773.16050  -5.4416214e-05
       774.25563  -8.3039330e-05
       775.35076   0.00011368732
       776.44589  -3.0857891e-05
       777.54102  -7.3807930e-05
       778.63614   2.5700493e-05
       779.73127   0.00016186736
       780.82640   7.8173601e-06
       781.92153  -9.6064080e-06
       783.01666   2.9779169e-05
       784.11179   0.00018109576
       785.20691   5.3911049e-05
       786.30204  -1.7321838e-05
       787.39717  -0.00021858417
       788.49230   5.7269140e-05
       789.58743   3.5338302e-05
       790.68255   0.00016149846
       791.77768   6.0197388e-05
       792.87281   1.7032763e-05
       793.96794   0.00011721099
       795.06307  -5.5105839e-05
       796.15820  -5.0572403e-05
       797.25332   5.4056553e-05
       798.34845  -3.6868201e-06
       799.44358  -2.2943133e-05
       800.53871   8.1647489e-06
       801.63384  -1.6967029e-05
       802.72896   9.5626352e-06
       803.82409   8.4477862e-05
       804.91922   9.5554528e-05
       806.01435   0.00010217978
       807.10948  -4.1056440e-05
       808.20461   1.0107875e-05
       809.29973   3.2014617e-05
       810.39486   5.5000629e-05
       811.48999  -6.5516955e-06
       812.58512   5.4595298e-05
       813.68025  -1.6289512e-05
       814.77537   0.00013261482
       815.87050   2.8222982e-05
       816.96563   3.3100513e-05
       818.06076   3.9928586e-05
       819.15589   7.8611203e-05
       820.25102   0.00015882703
       821.34614  -1.3760474e-05
       822.44127   5.0801873e-06
       823.53640   0.00015712386
       824.63153   9.9542413e-05
       825.72666  -2.7326447e-05
       826.82178   6.1620768e-05
       827.91691   8.9395411e-05
       829.01204  -2.7973183e-05
       830.10717   0.00014267543
       831.20230   8.1270238e-05
       832.29743   9.5826092e-05
       833.39255   1.5908618e-05
       834.48768   9.1063511e-05
       835.58281   3.4933466e-06
       836.67794  -1.6084898e-05
       837.77307  -6.6604301e-06
       838.86820   9.3842898e-05
       839.96332  -2.5271718e-05
       841.05845   0.00012214846
       842.15358   8.1808318e-05
       843.24871   0.00020686405
       844.34384  -2.9161155e-05
       845.43896  -1.4906000e-05
       846.53409  -2.5978034e-06
       847.62922  -1.1974056e-05
       848.72435   9.8557993e-05
       849.81948  -8.1558458e-06
       850.91461  -4.1491115e-05
       852.00973   2.9513636e-05
       853.10486  -6.8734249e-05
       854.19999  -7.2715406e-05
       855.29512  -3.0038744e-05
       856.39025  -4.6402126e-05
       857.48537  -5.3267715e-05
       858.58050  -6.9017013e-05
       859.67563  -0.00013871140
       860.77076  -1.9296698e-05
       861.86589  -0.00021909023
       862.96102  -0.00014500970
       864.05614  -0.00020050540
       865.15127   2.5467502e-05
       866.24640  -8.2328760e-05
       867.34153  -0.00019540802
       868.43666  -0.00012489188
       869.53178  -0.00011440248
       870.62691  -0.00022713995
       871.72204  -7.6217303e-05
       872.81717  -0.00020970682
       873.91230  -0.00021710363
       875.00743  -0.00011451715
       876.10255  -0.00020090777
       877.19768  -0.00025889996
       878.29281  -0.00016087210
       879.38794  -0.00018674424
       880.48307  -0.00025969069
       881.57819  -0.00016881404
       882.67332  -0.00014411615
       883.76845  -0.00015057290
       884.86358  -7.9277482e-05
       885.95871  -5.6319851e-05
       887.05384  -3.8189225e-06
       888.14896   3.9685557e-07
       889.24409  -0.00013038301
       890.33922  -0.00026278853
       891.43435  -0.00013963219
       892.52948  -0.00017951886
       893.62460   8.5036140e-05
       894.71973   4.1184370e-06
       895.81486   7.9605906e-05
       896.90999   6.0765197e-05
       898.00512   3.2419906e-05
       899.10025   8.6360905e-05
       900.19537   2.3177350e-05
       901.29050  -6.4379744e-05
       902.38563   1.6918578e-05
       903.48076   4.7539345e-05
       904.57589   1.1555839e-05
       905.67101   4.8833019e-05
       906.76614   4.7506403e-05
       907.86127   7.8912202e-05
       908.95640  -0.00010926135
       910.05153  -3.7294743e-07
       911.14666   6.5357674e-05
       912.24178   5.0959358e-06
       913.33691   0.00012632683
       914.43204   2.8472659e-05
       915.52717   4.8893237e-05
       916.62230  -1.8875172e-05
       917.71742  -5.6466015e-05
       918.81255  -8.5019189e-05
       919.90768   6.9355735e-05
       921.00281   5.3596555e-05
       922.09794   0.00013759699
       923.19307   9.3621476e-05
       924.28819  -8.7588135e-05
       925.38332  -3.2023359e-05
       926.47845   1.2222090e-05
       927.57358  -3.9092103e-05
       928.66871   4.1452682e-05
       929.76384   1.2131911e-05
       930.85896  -4.7080885e-05
       931.95409  -7.2491605e-05
       933.04922   2.1589836e-05
       934.14435  -7.3752761e-07
       935.23948  -5.3273551e-06
       936.33460   6.4906358e-05
       937.42973   9.1364680e-05
       938.52486   2.0392607e-05
       939.61999  -0.00011370828
       940.71512  -3.6491426e-05
       941.81025   4.4986849e-05
       942.90537  -1.5171038e-05
       944.00050   5.1765043e-05
       945.09563   2.8853780e-05
       946.19076   6.1995448e-05
       947.28589   8.5109556e-05
       948.38101   4.5700230e-05
       949.47614  -2.8061634e-05
       950.57127   4.4241833e-05
       951.66640   1.8728632e-05
       952.76153   6.9631265e-05
       953.85666  -6.6603972e-05
       954.95178   7.6062857e-05
       956.04691   3.6447132e-05
       957.14204  -7.0309808e-05
       958.23717   7.2731906e-06
       959.33230   2.0477186e-05
       960.42742   3.3680139e-05
       961.52255  -8.0637515e-05
       962.61768  -6.0926463e-05
       963.71281   0.00015803204
       964.80794  -6.6308433e-05
       965.90307   0.00012151446
       966.99819  -5.4925276e-05
       968.09332  -2.0685140e-05
       969.18845  -2.8962418e-05
       970.28358  -1.9549608e-07
       971.37871   8.0831539e-05
       972.47383   6.6665691e-05
       973.56896  -1.4550616e-06
       974.66409   7.2425111e-05
       975.75922   1.5534507e-05
       976.85435  -4.5938605e-05
       977.94948   1.6345802e-05
       979.04460   3.5459319e-05
       980.13973  -1.4377007e-05
       981.23486  -8.3434870e-06
       982.32999  -2.4937569e-05
       983.42512   7.5483536e-06
       984.52024  -4.3020715e-06
       985.61537  -3.9959155e-05
       986.71050  -0.00011876944
       987.80563   1.5938857e-05
       988.90076   5.8770812e-06
       989.99589   7.4608753e-06
       991.09101   3.9752308e-05
       992.18614   2.8013969e-05
       993.28127  -6.5153668e-05
       994.37640   4.4858969e-05
       995.47153  -2.3462752e-05
       996.56665   8.7633672e-06
       997.66178   9.2995154e-06
       998.75691  -1.1769579e-05
       999.85204   3.9771129e-06
       1000.9472  -7.0913075e-06
       1002.0423  -3.4035503e-05
       1003.1374  -8.9213306e-06
       1004.2326  -4.2505154e-06
       1005.3277  -3.7996389e-05
       1006.4228  -2.7033015e-05
       1007.5179   3.8315068e-05
       1008.6131   2.9711186e-05
       1009.7082  -4.7198888e-05
       1010.8033  -4.8035078e-05
       1011.8984   3.7369871e-05
       1012.9936   2.0797755e-05
       1014.0887  -4.8603723e-06
       1015.1838   3.7361115e-05
       1016.2790   9.7840990e-08
       1017.3741   3.3052048e-05
       1018.4692   1.4611497e-05
       1019.5643  -7.7703673e-05
       1020.6595   6.2188865e-06
       1021.7546  -2.0494252e-05
       1022.8497  -2.6401960e-06
       1023.9449   0.00010632277
       1025.0400  -5.9072053e-05
       1026.1351   6.6165204e-05
       1027.2302   3.5924345e-05
       1028.3254   1.1114819e-05
       1029.4205   4.4673165e-05
       1030.5156   2.4737681e-07
       1031.6108   1.3411504e-05
       1032.7059   3.0642106e-06
       1033.8010   6.0876882e-05
       1034.8961  -1.6848132e-05
       1035.9913   4.9333370e-05
       1037.0864   2.7750383e-05
       1038.1815  -3.3849744e-05
       1039.2767  -1.6266536e-05
       1040.3718  -1.9891510e-05
       1041.4669  -7.7120396e-05
       1042.5620  -3.7237765e-05
       1043.6572  -1.6992723e-05
       1044.7523   8.7577003e-06
       1045.8474   2.3378944e-05
       1046.9426  -1.2291097e-05
       1048.0377  -1.3218288e-05
       1049.1328   9.2597848e-06
       1050.2279   3.2713940e-05
       1051.3231   7.4079272e-05
       1052.4182   2.7726491e-05
       1053.5133  -1.6816083e-05
       1054.6084   2.8938894e-05
       1055.7036   2.4237673e-05
       1056.7987  -3.7164252e-05
       1057.8938   7.6004637e-05
       1058.9890   3.7749265e-05
       1060.0841   1.2180677e-07
       1061.1792  -3.0578679e-05
       1062.2743   7.1078707e-05
       1063.3695   1.2859458e-05
       1064.4646   5.1424184e-05
       1065.5597   7.0688818e-06
       1066.6549   2.9889111e-06
       1067.7500   3.1914799e-05
       1068.8451  -5.6068837e-06
       1069.9402  -1.5211745e-05
       1071.0354  -8.9223344e-06
       1072.1305  -8.5597829e-05
       1073.2256  -1.9271644e-05
       1074.3208   2.5090373e-05
       1075.4159  -3.7345222e-05
       1076.5110  -5.9629605e-05
       1077.6061  -5.8841067e-05
       1078.7013   7.2739741e-05
       1079.7964  -0.00010226868
       1080.8915   2.5009314e-06
       1081.9867  -3.0653155e-06
       1083.0818  -9.3786281e-05
       1084.1769   4.4340159e-06
       1085.2720  -2.5980512e-05
       1086.3672   2.1125954e-05
       1087.4623  -7.4467086e-05
       1088.5574  -4.6334253e-06
       1089.6526   2.9932237e-05
       1090.7477   0.00012030010
       1091.8428  -2.6995692e-05
       1092.9379   4.5624133e-05
       1094.0331  -7.5266020e-06
       1095.1282   5.5782971e-05
       1096.2233   4.1549674e-05
       1097.3184   0.00010469512
       1098.4136   1.6217262e-05
       1099.5087  -6.9163820e-07
       1100.6038   3.2159528e-05
       1101.6990  -1.9286177e-05
       1102.7941  -1.8822563e-05
       1103.8892  -6.3502717e-05
       1104.9843  -2.8760930e-05
       1106.0795   3.9524422e-05
       1107.1746  -3.0106157e-05
       1108.2697   4.6312624e-05
       1109.3649   4.4595229e-05
       1110.4600  -1.5439519e-05
       1111.5551  -6.2038971e-05
       1112.6502   3.5404886e-05
       1113.7454   6.4218649e-05
       1114.8405   4.6701772e-05
       1115.9356   4.3017435e-05
       1117.0308   4.1817389e-05
       1118.1259  -3.6027600e-05
       1119.2210  -1.4283943e-05
       1120.3161  -7.7417206e-06
       1121.4113   3.1030614e-05
       1122.5064  -4.8362816e-05
       1123.6015   3.3193675e-05
       1124.6967   2.7659352e-05
       1125.7918  -2.0679534e-05
       1126.8869  -6.6483487e-06
       1127.9820  -4.8178625e-05
       1129.0772  -5.0673505e-05
       1130.1723  -3.1724794e-05
       1131.2674   3.4203952e-05
       1132.3626   1.7027585e-05
       1133.4577  -2.3575193e-06
       1134.5528   3.1453433e-05
       1135.6479   2.7903049e-05
       1136.7431   4.6882179e-06
       1137.8382   1.9408846e-05
       1138.9333  -1.6042848e-05
       1140.0284   7.5819919e-05
       1141.1236  -1.5928119e-05
       1142.2187   4.2326910e-05
       1143.3138   8.4946313e-06
       1144.4090   3.0889473e-06
       1145.5041   5.0998432e-06
       1146.5992   1.3560834e-05
       1147.6943   3.0564088e-05
       1148.7895  -4.9752750e-06
       1149.8846  -3.9241593e-05
       1150.9797   3.8335236e-05
       1152.0749   2.4917749e-05
       1153.1700   2.8569658e-05
       1154.2651  -1.6212032e-05
       1155.3602  -3.0338405e-05
       1156.4554  -1.4556546e-05
       1157.5505   4.6563344e-06
       1158.6456  -1.0904624e-05
       1159.7408  -2.4550691e-05
       1160.8359   4.4965066e-05
       1161.9310   2.5557964e-05
       1163.0261   1.8502108e-05
       1164.1213   9.8720855e-06
       1165.2164   1.8502828e-05
       1166.3115  -1.2817072e-05
       1167.4067   4.4656173e-05
       1168.5018  -1.1207983e-05
       1169.5969  -2.6187886e-05
       1170.6920   6.7665876e-05
       1171.7872  -5.5257817e-06
       1172.8823   1.6445177e-05
       1173.9774   5.2294925e-05
       1175.0726   4.9432570e-05
       1176.1677  -4.5504674e-06
       1177.2628   3.6505080e-05
       1178.3579   3.1490216e-05
       1179.4531   2.5554188e-05
       1180.5482   5.7711684e-05
       1181.6433  -1.4282418e-05
       1182.7384   2.7412483e-05
       1183.8336  -5.0640981e-06
       1184.9287  -2.3116692e-05
       1186.0238  -3.2594363e-06
       1187.1190   2.2426486e-05
       1188.2141  -1.2936729e-05
       1189.3092  -3.7448292e-05
       1190.4043   4.5968709e-05
       1191.4995   2.1679850e-05
       1192.5946   4.1782442e-05
       1193.6897  -1.1487515e-05
       1194.7849  -4.0578425e-05
       1195.8800  -3.8122301e-05
       1196.9751   8.0917490e-06
       1198.0702   4.1747904e-06
       1199.1654   1.3805944e-05
       1200.2605  -2.4681761e-05
       1201.3556   9.8378692e-06
       1202.4508   5.0037236e-05
       1203.5459  -5.5915352e-05
       1204.6410  -3.2288677e-05
       1205.7361  -3.7740948e-05
       1206.8313  -8.6062184e-06
       1207.9264  -2.5014957e-05
       1209.0215   4.3775424e-05
       1210.1167  -2.3034114e-05
       1211.2118  -2.0555175e-06
       1212.3069   6.1879626e-06
       1213.4020   7.2325345e-05
       1214.4972  -2.9428038e-05
       1215.5923  -4.0918999e-05
       1216.6874  -1.1942967e-05
       1217.7825  -3.2440443e-05
       1218.8777  -9.7460344e-06
       1219.9728   1.4111164e-05
       1221.0679   2.6385642e-05
       1222.1631   1.4793446e-05
       1223.2582   4.4021046e-05
       1224.3533   4.8972574e-05
       1225.4484  -7.3269205e-07
       1226.5436   2.9471200e-05
       1227.6387  -1.2702389e-05
       1228.7338   1.1866076e-05
       1229.8290   2.8724349e-05
       1230.9241   2.6638763e-06
       1232.0192   1.6698111e-06
       1233.1143   1.8804411e-05
       1234.2095   1.5741228e-05
       1235.3046   1.4933324e-05
       1236.3997   3.1265795e-07
       1237.4949  -1.0384201e-05
       1238.5900   2.6142744e-05
       1239.6851  -1.1178401e-06
       1240.7802  -3.7528876e-05
       1241.8754   2.7569362e-05
       1242.9705  -6.5344808e-06
       1244.0656  -3.1194580e-06
       1245.1608  -4.4428931e-05
       1246.2559  -2.3358362e-06
       1247.3510  -7.8793035e-06
       1248.4461   6.7129793e-05
       1249.5413  -4.1612060e-06
       1250.6364   7.2945278e-06
       1251.7315   2.2797084e-05
       1252.8267   4.1757356e-05
       1253.9218  -1.5454335e-05
       1255.0169   2.7512871e-05
       1256.1120  -3.5165533e-06
       1257.2072   2.2288383e-05
       1258.3023   1.3378638e-05
       1259.3974  -6.4610660e-06
       1260.4925   7.5806333e-06
       1261.5877  -3.1627090e-05
       1262.6828   1.4010294e-05
       1263.7779  -2.8680419e-05
       1264.8731   4.3300896e-08
       1265.9682   5.7353769e-05
       1267.0633   1.4333407e-05
       1268.1584   1.2030190e-05
       1269.2536  -5.8427102e-06
       1270.3487  -1.0584631e-05
       1271.4438  -1.5902563e-05
       1272.5390  -3.2658157e-05
       1273.6341   2.0419737e-06
       1274.7292   2.8312895e-05
       1275.8243  -2.2433192e-05
       1276.9195   8.1143293e-06
       1278.0146   4.8172195e-05
       1279.1097   3.0831069e-05
       1280.2049   1.6251047e-05
       1281.3000   4.9087103e-06
       1282.3951   5.7610372e-06
       1283.4902   2.4174382e-05
       1284.5854  -5.6333263e-06
       1285.6805   7.1878761e-06
       1286.7756  -2.9231331e-05
       1287.8708  -6.1223713e-06
       1288.9659  -6.6051339e-06
       1290.0610  -1.0362020e-05
       1291.1561   1.8523289e-05
       1292.2513  -3.3448381e-05
       1293.3464  -7.7533064e-06
       1294.4415   7.1784508e-05
       1295.5367   4.9498723e-06
       1296.6318   5.8011908e-05
       1297.7269   6.5086107e-05
       1298.8220   0.00013269985
       1299.9172   2.6788322e-05
       1301.0123   2.1109229e-05
       1302.1074  -9.9147951e-06
       1303.2025  -2.6329696e-06
       1304.2977  -8.8964660e-06
       1305.3928  -1.5711593e-05
       1306.4879  -3.4159713e-05
       1307.5831  -3.2384998e-05
       1308.6782   4.4305996e-05
       1309.7733  -9.2829415e-06
       1310.8684   9.2301098e-07
       1311.9636   5.1226244e-05
       1313.0587  -4.1157935e-06
       1314.1538   6.7001859e-05
       1315.2490  -2.1991459e-05
       1316.3441  -4.7147462e-05
       1317.4392   1.8973838e-05
       1318.5343   1.1421617e-05
       1319.6295  -6.4039566e-05
       1320.7246   8.1624885e-06
       1321.8197  -7.1978387e-06
       1322.9149  -7.8575175e-05
       1324.0100   1.3273542e-05
       1325.1051  -1.5326440e-05
       1326.2002   5.1854359e-06
       1327.2954  -2.5509969e-05
       1328.3905   1.8084275e-05
       1329.4856  -1.2037056e-05
       1330.5808   1.3120882e-05
       1331.6759  -1.9116590e-05
       1332.7710  -1.8194464e-05
       1333.8661  -7.3397330e-06
       1334.9613  -1.0105650e-05
       1336.0564   6.5919174e-06
       1337.1515  -3.5378999e-05
       1338.2467   2.1878306e-05
       1339.3418  -2.4809524e-05
       1340.4369   1.3588224e-05
       1341.5320  -1.4145746e-05
       1342.6272   2.4502394e-05
       1343.7223  -8.0147077e-06
       1344.8174  -2.3691402e-05
       1345.9125  -3.7660802e-06
       1347.0077  -3.2063989e-05
       1348.1028  -1.0951426e-05
       1349.1979  -6.1596114e-05
       1350.2931  -1.0039328e-05
       1351.3882  -1.2489912e-06
       1352.4833   3.5690222e-05
       1353.5784   4.3367259e-05
       1354.6736  -2.9073543e-05
       1355.7687  -1.1940534e-06
       1356.8638  -2.5409333e-05
       1357.9590  -2.0309418e-06
       1359.0541  -2.3538414e-05
       1360.1492  -4.4162816e-05
       1361.2443  -7.2645169e-05
       1362.3395   2.2771592e-05
       1363.4346  -3.7498943e-05
       1364.5297  -2.0825376e-05
       1365.6249  -4.2562986e-05
       1366.7200   1.4600952e-05
       1367.8151   8.0606209e-06
       1368.9102  -7.8835346e-06
       1370.0054   6.8246778e-08
       1371.1005   2.1169537e-06
       1372.1956  -3.7012668e-05
       1373.2908  -8.1352207e-06
       1374.3859  -1.1677533e-05
       1375.4810  -5.9797280e-05
       1376.5761   3.6930955e-06
       1377.6713  -4.6997087e-05
       1378.7664  -1.1643329e-05
       1379.8615  -2.2306278e-05
       1380.9567  -8.7733184e-05
       1382.0518  -5.1998904e-05
       1383.1469   5.7919678e-06
       1384.2420  -5.3470724e-05
       1385.3372  -6.5687596e-05
       1386.4323  -1.6122384e-05
       1387.5274  -2.5235848e-05
       1388.6225  -1.3154224e-05
       1389.7177  -6.9034984e-05
       1390.8128  -1.4397681e-05
       1391.9079  -3.0879822e-06
       1393.0031   9.2618854e-06
       1394.0982  -1.5995705e-05
       1395.1933   1.1951061e-05
       1396.2884  -2.2405344e-05
       1397.3836   2.1993212e-05
       1398.4787  -3.4813720e-05
       1399.5738  -1.8712218e-05
       1400.6690  -3.2515929e-05
       1401.7641   5.1180424e-05
       1402.8592  -5.2809108e-05
       1403.9543  -4.1633471e-05
       1405.0495  -1.6787506e-05
       1406.1446  -5.0707771e-05
       1407.2397  -1.0874990e-05
       1408.3349   1.2832838e-05
       1409.4300  -2.2648321e-05
       1410.5251  -4.3860430e-06
       1411.6202  -1.1300459e-05
       1412.7154   1.8291376e-05
       1413.8105   5.1721454e-05
       1414.9056  -1.1813690e-05
       1416.0008  -1.2827200e-05
       1417.0959  -4.3189630e-05
       1418.1910  -3.9019331e-05
       1419.2861  -1.2488715e-05
       1420.3813   8.6697611e-06
       1421.4764  -1.6491793e-06
       1422.5715  -2.1547818e-06
       1423.6666  -2.8953438e-05
       1424.7618  -1.6420359e-05
       1425.8569  -2.8784394e-05
       1426.9520  -2.7756187e-05
       1428.0472  -1.3346888e-05
       1429.1423   3.7398765e-06
       1430.2374   6.8884010e-06
       1431.3325   7.9638305e-06
       1432.4277   1.1797950e-05
       1433.5228  -1.0824072e-05
       1434.6179   6.4815995e-05
       1435.7131   3.5600489e-05
       1436.8082   1.9470573e-05
       1437.9033   3.4980609e-05
       1438.9984   1.5663721e-05
       1440.0936   5.7904073e-05
       1441.1887  -8.8421746e-06
       1442.2838   1.3915297e-05
       1443.3790   5.1718266e-06
       1444.4741  -3.5515954e-07
       1445.5692   3.2991511e-05
       1446.6643   2.7483495e-05
       1447.7595   1.6793040e-05
       1448.8546   8.6164708e-07
       1449.9497  -1.7845955e-05
       1451.0449  -3.5788664e-06
       1452.1400   3.1348889e-05
       1453.2351  -5.9330659e-06
       1454.3302   3.5963126e-05
       1455.4254   4.5658577e-05
       1456.5205   1.5721776e-05
       1457.6156  -2.0545334e-06
       1458.7108  -5.1957072e-05
       1459.8059  -3.7954989e-06
       1460.9010   4.3689789e-05
       1461.9961   4.0027521e-05
       1463.0913   3.8340608e-06
       1464.1864  -7.9506657e-06
       1465.2815  -1.3407395e-05
       1466.3766   7.2930361e-06
       1467.4718   1.4013448e-05
       1468.5669  -4.1376137e-05
       1469.6620   1.7214968e-06
       1470.7572   1.0195323e-05
       1471.8523   2.5023348e-05
       1472.9474   2.3696644e-06
       1474.0425   7.7306237e-06
       1475.1377  -1.2904582e-05
       1476.2328   4.3373639e-05
       1477.3279  -1.7874897e-05
       1478.4231   2.0008806e-05
       1479.5182   3.3984926e-06
       1480.6133   3.4343555e-06
       1481.7084   4.0144261e-05
       1482.8036   4.3173212e-05
       1483.8987   5.1568843e-05
       1484.9938   3.9654511e-05
       1486.0890  -1.4901202e-05
       1487.1841   4.1403364e-05
       1488.2792   3.4972955e-06
       1489.3743   3.7140636e-06
       1490.4695   3.2710091e-05
       1491.5646   1.8780537e-05
       1492.6597   1.8042092e-05
       1493.7549  -2.5856544e-05
       1494.8500  -3.9687333e-06
       1495.9451   8.2873522e-08
       1497.0402   4.9900369e-06
       1498.1354   3.9815052e-05
       1499.2305   3.0365572e-05
       1500.3256   1.8712355e-05
       1501.4208   2.5033979e-05
       1502.5159   5.0432490e-06
       1503.6110   1.1873850e-05
       1504.7061  -2.2539517e-05
       1505.8013   2.9785342e-05
       1506.8964  -9.7428069e-06
       1507.9915  -6.7250769e-06
       1509.0866  -2.9731670e-06
       1510.1818   1.1506870e-05
       1511.2769  -5.1652345e-06
       1512.3720  -8.2099897e-06
       1513.4672   2.7691460e-05
       1514.5623   5.6994056e-06
       1515.6574  -9.7905027e-06
       1516.7525   2.3002376e-05
       1517.8477  -2.3678230e-05
       1518.9428  -2.3278037e-05
       1520.0379  -1.0002692e-05
       1521.1331   1.7798308e-06
       1522.2282   1.8593266e-05
       1523.3233   1.5597602e-05
       1524.4184   5.3443946e-07
       1525.5136  -8.9567669e-06
       1526.6087  -2.0603644e-05
       1527.7038  -1.1240810e-05
       1528.7990  -3.8354752e-06
       1529.8941  -6.7271028e-06
       1530.9892  -2.0311344e-05
       1532.0843  -1.5989182e-05
       1533.1795  -3.4673855e-05
       1534.2746  -1.7944294e-05
       1535.3697  -3.1739386e-05
       1536.4649  -7.6118663e-09
       1537.5600  -3.3382978e-06
       1538.6551  -1.8752620e-06
       1539.7502  -1.8234574e-05
       1540.8454   5.9849525e-06
       1541.9405   3.8841860e-06
       1543.0356  -1.6179178e-05
       1544.1308   3.7387998e-05
       1545.2259  -2.7190858e-06
       1546.3210  -2.2840487e-05
       1547.4161  -1.4482310e-05
       1548.5113  -3.9931287e-05
       1549.6064   1.6625260e-05
       1550.7015  -1.8865464e-05
       1551.7966  -7.4948531e-06
       1552.8918  -2.6481130e-05
       1553.9869  -7.5326163e-07
       1555.0820  -1.1937997e-05
       1556.1772  -1.8092183e-05
       1557.2723   7.4674493e-06
       1558.3674  -1.8916120e-05
       1559.4625  -1.1489233e-05
       1560.5577  -2.1230759e-06
       1561.6528   8.3630235e-06
       1562.7479   2.5760031e-05
       1563.8431   3.0697621e-06
       1564.9382  -3.8801603e-07
       1566.0333  -2.8019537e-05
       1567.1284   1.0635491e-06
       1568.2236   1.1555236e-05
       1569.3187  -2.6628951e-05
       1570.4138  -6.5058323e-06
       1571.5090  -2.0767703e-05
       1572.6041  -9.1126858e-06
       1573.6992   1.4785824e-05
       1574.7943   2.3255803e-05
       1575.8895  -6.3538274e-06
       1576.9846   5.3023787e-06
       1578.0797  -1.1003880e-05
       1579.1749   2.7660276e-05
       1580.2700   1.7811403e-07
       1581.3651  -1.3383242e-06
       1582.4602  -6.6570626e-06
       1583.5554  -5.0575045e-06
       1584.6505   8.8608338e-06
       1585.7456  -1.3538735e-06
       1586.8408  -1.3041498e-05
       1587.9359   2.6406253e-05
       1589.0310   1.2852623e-05
       1590.1261   6.6176986e-06
       1591.2213  -2.8574739e-05
       1592.3164  -9.4525676e-06
       1593.4115  -1.5965791e-05
       1594.5066   3.4542293e-05
       1595.6018  -9.0054351e-06
       1596.6969   7.4323037e-07
       1597.7920   1.0183287e-05
       1598.8872  -2.0687240e-05
       1599.9823  -7.9805380e-06
       1601.0774   1.4971817e-05
       1602.1725   9.8563402e-06
       1603.2677   1.7156879e-05
       1604.3628   7.3531131e-07
       1605.4579   6.4189741e-06
       1606.5531  -5.9355230e-06
       1607.6482   3.3681499e-05
       1608.7433  -1.0553179e-05
       1609.8384  -1.0357253e-05
       1610.9336  -7.7326939e-06
       1612.0287  -7.6181927e-06
       1613.1238   1.6773355e-05
       1614.2190   9.7582996e-06
       1615.3141  -4.3846100e-07
       1616.4092   4.0676775e-05
       1617.5043  -2.3151668e-06
       1618.5995   2.7369914e-06
       1619.6946   2.2564641e-06
       1620.7897   1.2081272e-05
       1621.8849   2.1191170e-05
       1622.9800   1.2614146e-06
       1624.0751  -6.8032051e-06
       1625.1702   2.1652313e-05
       1626.2654  -3.9930605e-06
       1627.3605  -4.0053024e-06
       1628.4556   1.5740838e-05
       1629.5507   9.8337442e-06
       1630.6459   1.9025639e-06
       1631.7410  -1.0338372e-05
       1632.8361   4.0694777e-06
       1633.9313   1.9637499e-05
       1635.0264  -5.0472565e-06
       1636.1215  -6.6227084e-06
       1637.2166   3.4440848e-06
       1638.3118   4.3453556e-06
       1639.4069  -2.2514775e-05
       1640.5020  -2.3987551e-06
       1641.5972  -1.3518091e-05
       1642.6923  -3.6787180e-06
       1643.7874  -4.5207305e-07
       1644.8825   1.9033945e-05
       1645.9777  -8.3190307e-06
       1647.0728  -8.2390409e-06
       1648.1679   8.0488677e-06
       1649.2631   2.7108866e-05
       1650.3582   3.5113501e-06
       1651.4533  -9.8761687e-06
       1652.5484  -5.4206943e-06
       1653.6436   2.0893018e-05
       1654.7387  -4.6928967e-06
       1655.8338   1.4652653e-05
       1656.9290  -6.5584025e-06
       1658.0241  -3.6747284e-06
       1659.1192   6.0940012e-06
       1660.2143  -1.2687202e-05
       1661.3095  -8.1204641e-06
       1662.4046   3.5943287e-06
       1663.4997   2.0694826e-06
       1664.5949  -1.2086444e-05
       1665.6900   7.9367082e-06
       1666.7851   4.0372883e-06
       1667.8802   6.7481976e-06
       1668.9754   2.7984200e-05
       1670.0705  -1.2707945e-06
       1671.1656   4.4508959e-06
       1672.2607   1.4796286e-05
       1673.3559  -2.1182330e-05
       1674.4510   3.4334993e-06
       1675.5461  -2.2042252e-05
       1676.6413  -1.0827497e-05
       1677.7364   3.1692497e-05
       1678.8315   4.5072456e-06
       1679.9266  -8.3887895e-06
       1681.0218   1.1384826e-05
       1682.1169   7.3492920e-06
       1683.2120  -6.3906076e-06
       1684.3072  -5.0097132e-05
       1685.4023  -1.9763460e-06
       1686.4974  -2.6963328e-05
       1687.5925   4.7526256e-06
       1688.6877  -1.3545892e-05
       1689.7828  -3.4816514e-05
       1690.8779   6.9282108e-06
       1691.9731  -1.2213012e-05
       1693.0682  -1.1473381e-05
       1694.1633   3.3488091e-05
       1695.2584   2.4871076e-05
       1696.3536  -9.6901179e-06
       1697.4487  -1.2363013e-05
       1698.5438  -1.5943738e-05
       1699.6390   1.4678024e-05
       1700.7341  -1.5761613e-05
       1701.8292  -1.4876910e-05
       1702.9243   1.6168528e-05
       1704.0195  -5.8229457e-06
       1705.1146  -7.3322434e-06
       1706.2097  -1.0096352e-05
       1707.3049   4.7281183e-06
       1708.4000   8.9376062e-07
       1709.4951   1.4777574e-05
       1710.5902   5.9675046e-07
       1711.6854  -2.1135366e-05
       1712.7805   9.1953316e-06
       1713.8756  -4.0650341e-06
       1714.9707  -1.6975182e-06
       1716.0659   2.4035328e-05
       1717.1610  -1.4344180e-05
       1718.2561  -6.0466845e-06
       1719.3513  -4.8880172e-06
       1720.4464  -2.2367517e-05
       1721.5415   6.3755694e-06
       1722.6366  -1.4953385e-05
       1723.7318   1.0727665e-05
       1724.8269  -4.4035709e-06
       1725.9220  -6.7655597e-06
       1727.0172  -5.0739963e-07
       1728.1123   2.3901024e-05
       1729.2074  -1.5387131e-05
       1730.3025  -1.8882030e-05
       1731.3977   1.0594704e-05
       1732.4928  -8.9891482e-06
       1733.5879  -3.4947352e-06
       1734.6831  -1.6797142e-05
       1735.7782   1.0272886e-05
       1736.8733   3.3873680e-06
       1737.9684   6.1426186e-06
       1739.0636  -9.3376951e-06
       1740.1587  -2.0877015e-05
       1741.2538   9.7179141e-06
       1742.3490   2.1634037e-05
       1743.4441   1.8005632e-05
       1744.5392   7.3214631e-06
       1745.6343   2.7127639e-05
       1746.7295   1.4480337e-05
       1747.8246   2.2284242e-05
       1748.9197  -2.2335900e-05
       1750.0149   1.3162277e-05
       1751.1100   1.0371782e-05
       1752.2051   1.1086148e-05
       1753.3002   2.6074844e-06
       1754.3954  -9.9805936e-06
       1755.4905   2.1072624e-05
       1756.5856   1.1386479e-05
       1757.6807   1.1145088e-05
       1758.7759   1.0247667e-05
       1759.8710   1.6948873e-05
       1760.9661   1.3043679e-06
       1762.0613   2.4793050e-06
       1763.1564   3.0360590e-05
       1764.2515   8.2240942e-06
       1765.3466  -2.2088843e-06
       1766.4418   6.6378874e-06
       1767.5369   1.0881490e-05
       1768.6320  -5.0879055e-06
       1769.7272  -4.7734222e-06
       1770.8223   7.0170703e-06
       1771.9174   1.2059043e-05
       1773.0125   2.0014953e-05
       1774.1077   9.8796946e-06
       1775.2028   7.1290012e-06
       1776.2979  -4.7335387e-07
       1777.3931  -6.4531776e-06
       1778.4882  -4.3807376e-06
       1779.5833   6.9262672e-06
       1780.6784   4.5066138e-06
       1781.7736   5.1237099e-06
       1782.8687  -7.7849946e-06
       1783.9638   1.6461909e-05
       1785.0590   4.9511312e-06
       1786.1541   2.5463348e-05
       1787.2492  -1.5617677e-05
       1788.3443   1.8912831e-05
       1789.4395   1.8240084e-06
       1790.5346   8.1092993e-06
       1791.6297   2.5463500e-06
       1792.7249   1.7751857e-06
       1793.8200   1.7361462e-05
       1794.9151  -4.7713618e-06
       1796.0102  -6.0873859e-06
       1797.1054   1.3229567e-05
       1798.2005  -5.5074530e-06
       1799.2956   9.7264620e-06
       1800.3907  -5.4866360e-06
       1801.4859   5.7908177e-06
       1802.5810  -1.6534876e-05
       1803.6761  -2.4154985e-05
       1804.7713   6.5028553e-06
       1805.8664   2.1182112e-05
       1806.9615   6.9193137e-06
       1808.0566   4.8344670e-06
       1809.1518   1.7822661e-05
       1810.2469   8.2139749e-06
       1811.3420  -4.5387374e-06
       1812.4372   4.8878922e-06
       1813.5323   5.2193598e-06
       1814.6274  -1.1978123e-06
       1815.7225  -3.7420158e-05
       1816.8177  -1.5967324e-05
       1817.9128  -3.1753796e-06
       1819.0079  -2.1724115e-05
       1820.1031  -7.5124423e-06
       1821.1982   8.0007925e-06
       1822.2933   1.1230284e-05
       1823.3884   1.0458541e-05
       1824.4836   1.3417336e-05
       1825.5787  -1.4564321e-05
       1826.6738  -2.8177792e-06
       1827.7690  -1.6138859e-06
       1828.8641   1.4544387e-05
       1829.9592  -1.1478066e-05
       1831.0543  -9.5945212e-06
       1832.1495   5.5838702e-06
       1833.2446   1.8952399e-05
       1834.3397  -1.2932990e-06
       1835.4348  -2.1846036e-05
       1836.5300  -4.5113063e-06
       1837.6251   6.6555813e-06
       1838.7202   4.0246050e-06
       1839.8154   1.1454519e-05
       1840.9105  -7.6596230e-06
       1842.0056  -1.0839830e-05
       1843.1007  -1.3414451e-05
       1844.1959   2.5913872e-06
       1845.2910  -2.7079188e-05
       1846.3861   5.3211178e-07
       1847.4813   1.5224989e-05
       1848.5764  -1.7480619e-06
       1849.6715  -3.2775093e-06
       1850.7666   2.3966453e-05
       1851.8618  -1.3489693e-05
       1852.9569  -8.3075360e-06
       1854.0520  -7.4872332e-06
       1855.1472  -3.7186189e-06
       1856.2423  -4.0672706e-06
       1857.3374  -8.2070134e-06
       1858.4325   1.9938573e-06
       1859.5277  -5.7427293e-06
       1860.6228  -3.3000283e-06
       1861.7179  -6.1600794e-06
       1862.8131   1.3260025e-05
       1863.9082  -5.9294284e-06
       1865.0033  -1.1346744e-05
       1866.0984   5.1897659e-06
       1867.1936   4.7352724e-06
       1868.2887  -2.7568059e-06
       1869.3838   3.3473145e-05
       1870.4790   1.6488292e-05
       1871.5741  -2.2770222e-06
       1872.6692   1.1501588e-05
       1873.7643  -1.2614698e-05
       1874.8595  -3.8653629e-06
       1875.9546   1.8058798e-05
       1877.0497   1.3345158e-05
       1878.1448   1.5224359e-05
       1879.2400  -1.5659984e-06
       1880.3351  -4.9298625e-06
       1881.4302   1.7214821e-05
       1882.5254  -1.1452975e-05
       1883.6205   5.2911226e-06
       1884.7156  -1.1812175e-05
       1885.8107  -6.0182619e-06
       1886.9059   3.1658432e-06
       1888.0010  -7.6122677e-06
       1889.0961   5.0735873e-06
       1890.1913  -5.9441396e-06
       1891.2864  -1.5974456e-06
       1892.3815   1.9776032e-05
       1893.4766   1.2284846e-05
       1894.5718   3.6219811e-05
       1895.6669   1.9279866e-05
       1896.7620   4.7665708e-06
       1897.8572  -2.7424039e-06
       1898.9523   6.6174148e-06
       1900.0474   2.3828140e-05
       1901.1425   3.1877980e-05
       1902.2377   2.7220037e-05
       1903.3328  -2.3806899e-05
       1904.4279  -1.3524644e-05
       1905.5231  -5.9262965e-06
       1906.6182   2.6977559e-05
       1907.7133   4.8759720e-06
       1908.8084  -2.9129239e-06
       1909.9036   1.5835244e-05
       1910.9987  -9.7909850e-06
       1912.0938  -2.8875838e-05
       1913.1890   1.7314011e-05
       1914.2841   7.7924715e-06
       1915.3792   7.0398269e-06
       1916.4743   3.2446625e-06
       1917.5695  -1.1800130e-05
       1918.6646  -2.0906505e-05
       1919.7597  -5.2030544e-06
       1920.8548  -2.1986617e-06
       1921.9500   3.1367898e-06
       1923.0451   9.0156479e-06
       1924.1402  -1.8434139e-06
       1925.2354  -5.5619777e-06
       1926.3305  -1.2262567e-05
       1927.4256   9.2806282e-06
       1928.5207   2.9571438e-06
       1929.6159   7.8573047e-06
       1930.7110   1.2481249e-05
       1931.8061   2.0721674e-05
       1932.9013   1.9668292e-05
       1933.9964   2.8409681e-05
       1935.0915  -3.5604368e-09
       1936.1866  -1.1698652e-06
       1937.2818   1.4225552e-06
       1938.3769   1.9985706e-06
       1939.4720   8.4273205e-07
       1940.5672   1.3673866e-05
       1941.6623   1.0040542e-05
       1942.7574   2.1162863e-05
       1943.8525   1.9502391e-05
       1944.9477  -2.2284975e-06
       1946.0428   2.1229108e-05
       1947.1379  -4.7160317e-06
       1948.2331   3.6727724e-06
       1949.3282   8.7112485e-06
       1950.4233   3.8514370e-06
       1951.5184   1.2786515e-07
       1952.6136   8.4283066e-06
       1953.7087   1.7697453e-05
       1954.8038  -3.6534299e-06
       1955.8990   2.0762581e-07
       1956.9941  -1.1917985e-05
       1958.0892  -2.8105253e-06
       1959.1843   1.2211347e-05
       1960.2795  -5.2408036e-06
       1961.3746   2.7785692e-06
       1962.4697  -1.9699652e-05
       1963.5648   4.8840333e-06
       1964.6600   8.8632020e-06
       1965.7551   2.2452950e-05
       1966.8502   3.0981888e-05
       1967.9454   1.2796241e-05
       1969.0405  -4.1123183e-06
       1970.1356  -3.8469779e-06
       1971.2307  -3.9177758e-06
       1972.3259  -3.5676074e-06
       1973.4210   9.6045822e-06
       1974.5161   2.8297522e-06
       1975.6113  -3.4333535e-06
       1976.7064   1.0434759e-06
       1977.8015   1.5639050e-05
       1978.8966   2.8151638e-06
       1979.9918   1.7758485e-05
       1981.0869   2.3821749e-05
       1982.1820   2.9514733e-05
       1983.2772  -9.1129331e-06
       1984.3723   8.0966278e-06
       1985.4674  -9.6909748e-06
       1986.5625  -7.1411821e-06
       1987.6577  -1.0713823e-05
       1988.7528  -7.6100530e-06
       1989.8479  -3.4426564e-06
       1990.9431  -5.3824210e-06
       1992.0382   1.2045879e-06
       1993.1333   1.9064714e-05
       1994.2284   5.5498923e-06
       1995.3236  -4.3445138e-07
       1996.4187   4.7284034e-06
       1997.5138  -4.1564443e-07
       1998.6090  -2.0592750e-05
       1999.7041  -9.9290296e-06
       2000.7992  -6.7070930e-06
       2001.8943  -9.0176498e-06
       2002.9895   4.6450237e-07
       2004.0846  -7.9884187e-06
       2005.1797  -1.7926865e-05
       2006.2748  -1.3955288e-05
       2007.3700  -9.2964582e-06
       2008.4651  -2.6449347e-05
       2009.5602  -1.5373657e-05
       2010.6554  -4.6152609e-06
       2011.7505  -1.2327353e-05
       2012.8456  -9.0662974e-06
       2013.9407   7.8354284e-07
       2015.0359  -5.9195809e-06
       2016.1310  -7.1382744e-06
       2017.2261   1.5158941e-06
       2018.3213   9.8452594e-06
       2019.4164   1.3895926e-05
       2020.5115  -1.4122507e-05
       2021.6066   8.4324666e-06
       2022.7018  -1.2881027e-05
       2023.7969  -1.0057734e-05
       2024.8920   4.4933447e-06
       2025.9872  -4.9755211e-06
       2027.0823   1.1550125e-05
       2028.1774   8.6929895e-06
       2029.2725   6.1769180e-06
       2030.3677  -1.9083943e-06
       2031.4628   8.2015459e-06
       2032.5579  -2.1763919e-06
       2033.6531  -4.4756340e-06
       2034.7482   9.2826785e-06
       2035.8433  -1.0829061e-06
       2036.9384   1.0193836e-07
       2038.0336  -4.3471600e-09
       2039.1287   4.9078568e-06
       2040.2238  -7.9142138e-06
       2041.3189   1.5321580e-05
       2042.4141  -1.4795123e-06
       2043.5092   8.0488473e-06
       2044.6043   1.8291093e-05
       2045.6995   1.3469931e-05
       2046.7946  -4.3255471e-06
       2047.8897  -2.1891421e-05
       2048.9848  -1.2712443e-05
       2050.0800   8.3005690e-06
       2051.1751   1.2650255e-05
       2052.2702  -4.7345027e-06
       2053.3654   1.4049800e-05
       2054.4605   1.5702788e-06
       2055.5556  -1.1541117e-05
       2056.6507  -8.3444017e-06
       2057.7459   1.2309587e-06
       2058.8410  -9.4188925e-06
       2059.9361  -8.2986953e-06
       2061.0313  -9.5352954e-07
       2062.1264  -1.9491910e-05
       2063.2215   4.4868610e-07
       2064.3166  -6.5847299e-06
       2065.4118   1.9548101e-06
       2066.5069   6.1488238e-06
       2067.6020  -2.7068079e-06
       2068.6972  -6.2031743e-06
       2069.7923  -2.1369557e-05
       2070.8874  -1.3257321e-05
       2071.9825  -1.7834806e-07
       2073.0777   7.1411840e-06
       2074.1728  -6.7242247e-07
       2075.2679   1.5185828e-05
       2076.3631  -3.5093334e-06
       2077.4582  -3.0964205e-06
       2078.5533   6.1964381e-06
       2079.6484  -6.8265495e-06
       2080.7436   7.2014110e-06
       2081.8387   1.5128209e-05
       2082.9338   1.2087288e-06
       2084.0289   2.7910883e-06
       2085.1241  -4.7799430e-06
       2086.2192   7.5650270e-06
       2087.3143  -4.9567488e-07
       2088.4095  -5.0828210e-06
       2089.5046   1.1129186e-06
       2090.5997  -8.7368310e-06
       2091.6948   2.2740101e-05
       2092.7900   8.3011390e-06
       2093.8851   1.6865573e-05
       2094.9802   5.1285630e-07
       2096.0754  -6.6295973e-06
       2097.1705   8.3684677e-06
       2098.2656  -1.3110961e-06
       2099.3607   6.5700992e-06
       2100.4559  -2.6614613e-06
       2101.5510   1.2172846e-05
       2102.6461  -3.5174130e-06
       2103.7413  -1.2663174e-05
       2104.8364   2.8351871e-06
       2105.9315  -9.4956267e-06
       2107.0266   1.0714622e-05
       2108.1218   1.0426776e-05
       2109.2169   9.8257546e-06
       2110.3120  -5.4055650e-06
       2111.4072   2.9299582e-06
       2112.5023  -4.8365936e-06
       2113.5974  -5.7373187e-06
       2114.6925   1.3561425e-05
       2115.7877   5.9477727e-06
       2116.8828   1.8285425e-06
       2117.9779  -1.7942119e-06
       2119.0731  -5.6190356e-06
       2120.1682   9.2658422e-06
       2121.2633   1.6396110e-05
       2122.3584  -1.9113724e-06
       2123.4536  -1.8977301e-06
       2124.5487   5.4158643e-06
       2125.6438   2.3938800e-06
       2126.7389   6.5979321e-06
       2127.8341   5.0117782e-06
       2128.9292   1.2204897e-05
       2130.0243   7.5274243e-06
       2131.1195  -7.4859183e-06
       2132.2146  -6.2167737e-06
       2133.3097   7.3465123e-07
       2134.4048  -5.0065415e-06
       2135.5000  -1.7865204e-06
       2136.5951  -1.0431196e-05
       2137.6902  -1.4229266e-05
       2138.7854  -9.3330563e-07
       2139.8805  -2.4596817e-06
       2140.9756  -2.2160758e-06
       2142.0707  -6.3415486e-06
       2143.1659   1.2587588e-05
       2144.2610  -8.2106982e-07
       2145.3561  -7.3288673e-07
       2146.4513   8.4581920e-06
       2147.5464  -1.6082872e-06
       2148.6415   2.7958282e-06
       2149.7366  -5.9121907e-06
       2150.8318  -5.9129030e-07
       2151.9269  -9.6539179e-06
       2153.0220  -2.0571509e-06
       2154.1172   1.7114873e-06
       2155.2123  -8.7603668e-06
       2156.3074   1.8450026e-05
       2157.4025   8.3618516e-06
       2158.4977   2.0271927e-06
       2159.5928   4.9779222e-06
       2160.6879   6.5712150e-06
       2161.7831   2.5108692e-06
       2162.8782  -9.9427020e-06
       2163.9733   3.3997016e-06
       2165.0684   1.4976133e-05
       2166.1636  -7.2383568e-06
       2167.2587  -9.1411487e-06
       2168.3538  -4.2201019e-06
       2169.4489   5.8617235e-06
       2170.5441  -2.4934930e-06
       2171.6392  -6.7808883e-06
       2172.7343  -9.0737713e-06
       2173.8295   3.7314029e-06
       2174.9246   3.0140707e-06
       2176.0197  -7.2244044e-06
       2177.1148  -3.4395380e-06
       2178.2100   1.1047984e-05
       2179.3051   9.4483197e-06
       2180.4002  -1.0933600e-05
       2181.4954   5.7734588e-06
       2182.5905  -6.1960871e-07
       2183.6856   6.5397582e-06
       2184.7807   6.4441513e-07
       2185.8759   6.4656007e-06
       2186.9710  -1.6612656e-06
       2188.0661  -3.7282276e-08
       2189.1613  -1.0727328e-05
       2190.2564  -1.7908239e-07
       2191.3515   5.7764774e-06
       2192.4466  -2.9568351e-07
       2193.5418   4.7104792e-06
       2194.6369  -4.7524603e-06
       2195.7320  -3.2493709e-06
       2196.8272   3.9483524e-06
       2197.9223   1.0613141e-05
       2199.0174   1.0630946e-05
       2200.1125   2.4389740e-06
       2201.2077   1.1995470e-06
       2202.3028  -3.9018330e-06
       2203.3979   5.3761316e-07
       2204.4931   4.6529066e-06
       2205.5882   1.1432804e-05
       2206.6833   5.0690182e-06
       2207.7784   7.3290479e-06
       2208.8736   6.8783392e-06
       2209.9687   1.2367875e-06
       2211.0638  -2.3470372e-06
       2212.1589  -1.3566786e-05
       2213.2541  -3.3326392e-06
       2214.3492  -1.9171459e-05
       2215.4443   1.7373866e-06
       2216.5395   4.6271083e-06
       2217.6346   1.1291703e-05
       2218.7297   2.3902720e-06
       2219.8248  -2.9502324e-06
       2220.9200  -3.7475058e-06
       2222.0151   9.4719777e-06
       2223.1102   4.5760779e-06
       2224.2054  -6.3161144e-06
       2225.3005  -3.6207509e-06
       2226.3956  -2.1290623e-06
       2227.4907   1.3836878e-05
       2228.5859   2.1934763e-06
       2229.6810  -4.5982459e-06
       2230.7761  -6.6492471e-07
       2231.8713   4.1763050e-07
       2232.9664   1.8343814e-06
       2234.0615   1.0248060e-05
       2235.1566  -3.9904695e-06
       2236.2518  -1.2133369e-06
       2237.3469   9.0048590e-07
       2238.4420  -1.0471674e-05
       2239.5372  -4.7643130e-07
       2240.6323   4.2915271e-06
       2241.7274   4.8342965e-06
