# via https://phy-wiki.princeton.edu/actwiki/pmwiki.php?n=Bandpasses.Bandpasses?action=download&upname=mce1_nosmoothing.txt
       0.0000000       529.76137
       1.0951282       746.33217
       2.1902564       18.961746
       3.2853846      -21.675440
       4.3805128       24.049452
       5.4756410       3.3980090
       6.5707692       1.6757337
       7.6658973       2.6698736
       8.7610255       2.3023924
       9.8561537       4.1323041
       10.951282       3.7274593
       12.046410     -0.27528360
       13.141538      0.84391473
       14.236666      -1.1376060
       15.331795      0.26051342
       16.426923      0.31105461
       17.522051      0.60813266
       18.617179      0.16583119
       19.712307       1.1830240
       20.807436      0.36066409
       21.902564      0.16350535
       22.997692     -0.18228202
       24.092820     -0.39811717
       25.187948    -0.054249925
       26.283077      0.30097514
       27.378205    -0.066338299
       28.473333    -0.065333383
       29.568461     -0.12773412
       30.663589     -0.12105702
       31.758718     -0.13813602
       32.853846     0.088033842
       33.948974      0.13965379
       35.044102     -0.14562158
       36.139230      0.17319712
       37.234359     -0.15312224
       38.329487     0.064585330
       39.424615    -0.038433540
       40.519743     -0.10027501
       41.614871      0.20346712
       42.709999     -0.11969448
       43.805128      0.10815813
       44.900256    -0.028940208
       45.995384    -0.025494229
       47.090512     0.098283711
       48.185640     0.050257489
       49.280769     -0.10686114
       50.375897     0.084345360
       51.471025     0.026732674
       52.566153    -0.016976577
       53.661281   -0.0096920834
       54.756410     0.011857616
       55.851538     -0.13459523
       56.946666    0.0045849277
       58.041794   -0.0011868926
       59.136922     0.023347398
       60.232051    -0.060596663
       61.327179   -0.0068957958
       62.422307     0.022386441
       63.517435     0.028976596
       64.612563    -0.029264313
       65.707692     0.055030261
       66.802820     0.017778425
       67.897948   -0.0028558936
       68.993076    -0.013859739
       70.088204    -0.036292078
       71.183332     0.056195588
       72.278461    -0.018662550
       73.373589     0.029186090
       74.468717    -0.037220476
       75.563845    -0.060639025
       76.658973    0.0037389590
       77.754102     0.023794622
       78.849230     0.011352838
       79.944358    0.0056280670
       81.039486     0.020216893
       82.134614    -0.031194802
       83.229743   -0.0032667501
       84.324871    -0.011078417
       85.419999     0.031708988
       86.515127     0.025200667
       87.610255     0.019337493
       88.705384     0.046414823
       89.800512   -0.0023814379
       90.895640    -0.015625346
       91.990768     0.036975479
       93.085896   -0.0073409892
       94.181025    0.0022882012
       95.276153    -0.032743072
       96.371281   -0.0073631639
       97.466409   -0.0022148311
       98.561537    -0.015151253
       99.656665    -0.019876194
       100.75179     0.028275847
       101.84692    -0.010760892
       102.94205     0.022499203
       104.03718     0.013047298
       105.13231    -0.010534059
       106.22743   -0.0012049034
       107.32256     0.013082589
       108.41769    0.0052876960
       109.51282    0.0071530929
       110.60795   -0.0027812406
       111.70308     0.017785698
       112.79820     0.019023580
       113.89333   -0.0050180069
       114.98846    0.0070174863
       116.08359    0.0051548104
       117.17872  -0.00045173004
       118.27384   -0.0027217197
       119.36897    0.0024362381
       120.46410    0.0051029577
       121.55923    -0.032109070
       122.65436    0.0035357927
       123.74949    -0.013979027
       124.84461     0.014959448
       125.93974    -0.016523714
       127.03487      0.13263346
       128.13000      0.15493840
       129.22513     0.099906160
       130.32025     0.032694139
       131.41538     0.032964873
       132.51051    0.0073139463
       133.60564     0.039564562
       134.70077     0.063221863
       135.79590      0.59958621
       136.89102      0.97184199
       137.98615      0.62346203
       139.08128      0.76520755
       140.17641      0.36931408
       141.27154      0.29225524
       142.36666      0.38867297
       143.46179      0.69530123
       144.55692      0.90459261
       145.65205       1.0000000
       146.74718      0.87875973
       147.84231      0.92157052
       148.93743      0.94134329
       150.03256      0.90537155
       151.12769      0.90234468
       152.22282      0.76400168
       153.31795      0.39219386
       154.41308      0.36298252
       155.50820      0.55661683
       156.60333      0.69359574
       157.69846      0.56179876
       158.79359      0.51304644
       159.88872      0.62826414
       160.98384      0.96352752
       162.07897      0.83782541
       163.17410      0.35069574
       164.26923      0.14504966
       165.36436     0.019243631
       166.45949     0.019265992
       167.55461    0.0046955484
       168.64974    0.0094555139
       169.74487     0.011732839
       170.84000     0.032794333
       171.93513     0.037454059
       173.03025     0.016867328
       174.12538    0.0085480968
       175.22051  -0.00092353240
       176.31564   -0.0026847997
       177.41077    0.0012997095
       178.50590   -0.0054792436
       179.60102    0.0055086656
       180.69615  -0.00064188780
       181.79128  -0.00091897218
       182.88641   -0.0011514617
       183.98154    0.0062123488
       185.07666    0.0069603068
       186.17179   -0.0062666860
       187.26692    0.0017210984
       188.36205   -0.0022473733
       189.45718    0.0036604034
       190.55231    0.0023905850
       191.64743    0.0072937720
       192.74256  -0.00092204725
       193.83769    0.0039627650
       194.93282    0.0036361971
       196.02795   -0.0055704454
       197.12307    0.0019518397
       198.21820    0.0035644490
       199.31333   -0.0049939138
       200.40846    0.0010056214
       201.50359    0.0010935118
       202.59872     0.010750765
       203.69384    0.0021749991
       204.78897    0.0068212689
       205.88410    0.0010910939
       206.97923    0.0011449769
       208.07436    0.0017933746
       209.16948    0.0034124934
       210.26461    0.0043300867
       211.35974    0.0031071059
       212.45487   0.00046303525
       213.55000    0.0014187446
       214.64513    0.0023722354
       215.74025    0.0028082706
       216.83538   0.00071803028
       217.93051   -0.0034139883
       219.02564   0.00082624272
       220.12077    0.0027971142
       221.21589  -0.00066768852
       222.31102  -0.00047222991
       223.40615   -0.0012488211
       224.50128  -0.00048265967
       225.59641    0.0023184844
       226.69154    0.0012406039
       227.78666    0.0031779666
       228.88179   -0.0019800943
       229.97692   -0.0035027107
       231.07205    0.0035545996
       232.16718    0.0036120453
       233.26230    0.0067879359
       234.35743    0.0025464112
       235.45256  -0.00048324819
       236.54769   -0.0025473487
       237.64282    0.0039877596
       238.73795    0.0013190860
       239.83307    0.0034201533
       240.92820   -0.0052170424
       242.02333   -0.0031308590
       243.11846   -0.0027004693
       244.21359    0.0040812761
       245.30872   -0.0035916571
       246.40384   -0.0010014493
       247.49897    0.0020179318
       248.59410  -0.00017128403
       249.68923   -0.0018683958
       250.78436    0.0031544214
       251.87948   -0.0032622491
       252.97461   9.5615587e-05
       254.06974   0.00099155226
       255.16487    0.0036670491
       256.26000    0.0029556160
       257.35513    0.0030207741
       258.45025    0.0052267839
       259.54538   -0.0028576056
       260.64051   -0.0024085204
       261.73564    0.0033998757
       262.83077    0.0018430263
       263.92589  -0.00085430933
       265.02102  -0.00017770258
       266.11615    0.0034169860
       267.21128    0.0034048872
       268.30641  -0.00062917849
       269.40154   -0.0057397286
       270.49666   0.00068892432
       271.59179    0.0027592351
       272.68692    0.0011656927
       273.78205    0.0034342752
       274.87718   4.9127676e-05
       275.97230    0.0012517386
       277.06743    0.0020744648
       278.16256    0.0011795855
       279.25769    0.0011722681
       280.35282   -0.0025565039
       281.44795   0.00092567970
       282.54307    0.0016535020
       283.63820   0.00058253856
       284.73333   0.00072907241
       285.82846   0.00034486378
       286.92359    0.0014638668
       288.01871   0.00048506657
       289.11384  -7.6969051e-05
       290.20897    0.0015697010
       291.30410   -0.0022363868
       292.39923    0.0024561417
       293.49436    0.0020040531
       294.58948    0.0010999285
       295.68461    0.0018647563
       296.77974    0.0026772186
       297.87487    0.0060610410
       298.97000   0.00093102845
       300.06512   0.00071491466
       301.16025   0.00022723010
       302.25538   0.00074685113
       303.35051    0.0021410485
       304.44564  -0.00093956121
       305.54077   0.00073665036
       306.63589  -0.00014535175
       307.73102    0.0013252153
       308.82615   0.00072477745
       309.92128   0.00019815848
       311.01641  -0.00060173101
       312.11153   -0.0012127428
       313.20666   -0.0018134318
       314.30179  -0.00035343645
       315.39692  -2.3007409e-05
       316.49205    0.0011031890
       317.58718  -0.00032823037
       318.68230   -0.0018495763
       319.77743   0.00056007355
       320.87256   0.00028171370
       321.96769   -0.0043705521
       323.06282    0.0036309163
       324.15794    0.0017597290
       325.25307  -0.00048711076
       326.34820    0.0015878647
       327.44333    0.0010335671
       328.53846   0.00013193787
       329.63359    0.0012535879
       330.72871   -0.0018377797
       331.82384   0.00099205702
       332.91897   0.00099437203
       334.01410    0.0022999673
       335.10923  -0.00079130695
       336.20435  -0.00025612577
       337.29948   -0.0017778722
       338.39461   0.00027942817
       339.48974    0.0022632996
       340.58487   0.00042048287
       341.68000  -0.00027433911
       342.77512   0.00013401493
       343.87025    0.0014143821
       344.96538   0.00043354536
       346.06051   0.00015701522
       347.15564   -0.0021057938
       348.25077    0.0023254323
       349.34589  -0.00027676752
       350.44102   -0.0012731741
       351.53615    0.0019672676
       352.63128    0.0017488621
       353.72641   -0.0012264709
       354.82153    0.0010774664
       355.91666   -0.0012232968
       357.01179   -0.0011551102
       358.10692   0.00092738191
       359.20205  -0.00061831097
       360.29718   0.00085211487
       361.39230  -0.00048784391
       362.48743  -0.00076647358
       363.58256   0.00091019390
       364.67769  -0.00037222807
       365.77282   -0.0023880034
       366.86794  -0.00044177705
       367.96307  -0.00033933131
       369.05820   -0.0037406260
       370.15333  -0.00099990112
       371.24846    0.0013406807
       372.34359  -0.00045588130
       373.43871    0.0010932255
       374.53384    0.0015170161
       375.62897   0.00094026278
       376.72410    0.0021999804
       377.81923    0.0012597104
       378.91435  -0.00041252856
       380.00948  -0.00030930372
       381.10461   -0.0016473263
       382.19974   -0.0018520441
       383.29487  -0.00028160200
       384.39000   -0.0010661036
       385.48512  -0.00053832144
       386.58025   -0.0016338963
       387.67538  -0.00084524391
       388.77051  -3.6527683e-05
       389.86564  -0.00010927828
       390.96076   0.00068800270
       392.05589   -0.0022777540
       393.15102   0.00044838629
       394.24615   0.00066606491
       395.34128   0.00034529054
       396.43641    0.0015905961
       397.53153  -0.00086523988
       398.62666   8.9541812e-05
       399.72179  -0.00048775517
       400.81692   -0.0017859107
       401.91205  -0.00061333063
       403.00717   0.00090494297
       404.10230   0.00054914564
       405.19743    0.0013862330
       406.29256   0.00034543281
       407.38769   0.00018993420
       408.48282    0.0012950203
       409.57794  -0.00014770813
       410.67307  -8.9952246e-05
       411.76820   0.00056461925
       412.86333  -0.00034260351
       413.95846   0.00010413133
       415.05358    0.0020208131
       416.14871  -0.00025832256
       417.24384    0.0015063081
       418.33897  -0.00064437703
       419.43410    0.0011514137
       420.52923  -0.00037114676
       421.62435   0.00037614703
       422.71948   0.00025645969
       423.81461   -0.0012803685
       424.90974  -0.00021095229
       426.00487  -0.00017055826
       427.09999   0.00020637095
       428.19512   0.00013149682
       429.29025   0.00024078033
       430.38538   -0.0012414810
       431.48051   0.00016086263
       432.57564  -0.00055660659
       433.67076   0.00038396877
       434.76589   -0.0014305988
       435.86102  -0.00021309073
       436.95615  -0.00083449975
       438.05128  -0.00067800097
       439.14640  -0.00035275667
       440.24153   -0.0014370540
       441.33666   6.3967358e-05
       442.43179  -0.00071192780
       443.52692   0.00054913854
       444.62205   0.00024134142
       445.71717   0.00064355829
       446.81230   0.00066682358
       447.90743   0.00062505108
       449.00256   0.00072674941
       450.09769   0.00033654100
       451.19282   0.00014248320
       452.28794  -0.00069113774
       453.38307   0.00019747746
       454.47820   0.00032115726
       455.57333  -0.00071345956
       456.66846   0.00093141475
       457.76358   0.00048153479
       458.85871  -0.00043064693
       459.95384  -0.00059875134
       461.04897   0.00090725212
       462.14410   0.00065761430
       463.23923   0.00076994241
       464.33435   0.00055162192
       465.42948  -4.5370134e-05
       466.52461   0.00024831729
       467.61974    0.0013216956
       468.71487  -0.00049103541
       469.80999   0.00023030905
       470.90512    0.0014996195
       472.00025  -0.00045488098
       473.09538   0.00013750792
       474.19051   0.00026898408
       475.28564   0.00011276315
       476.38076   5.9976899e-05
       477.47589  -0.00027629040
       478.57102   0.00024600572
       479.66615  -0.00023335682
       480.76128   0.00061081299
       481.85640   -0.0011935721
       482.95153    0.0012717179
       484.04666   0.00061921809
       485.14179  -8.0076720e-06
       486.23692  -0.00020699015
       487.33205  -0.00078662395
       488.42717   0.00058686811
       489.52230  -0.00021073650
       490.61743   7.5618333e-06
       491.71256   0.00090552351
       492.80769   0.00053269313
       493.90281  -0.00019972868
       494.99794  -0.00036599623
       496.09307  -0.00050666260
       497.18820  -0.00020273183
       498.28333   0.00026667627
       499.37846   0.00092042052
       500.47358   0.00035958403
       501.56871   0.00032454126
       502.66384   0.00079326742
       503.75897   0.00014739910
       504.85410   0.00033893102
       505.94922  -0.00063501818
       507.04435   0.00026332980
       508.13948   0.00044740726
       509.23461  -1.9092673e-05
       510.32974    0.0013408747
       511.42487    0.0011215192
       512.51999   0.00089237213
       513.61512  -0.00052327044
       514.71025  -0.00039768836
       515.80538   0.00084315186
       516.90051  -0.00093519643
       517.99563  -9.8660163e-05
       519.09076  -0.00014115401
       520.18589   -0.0013415027
       521.28102    0.0010030218
       522.37615  -0.00065750274
       523.47128   0.00024645561
       524.56640  -0.00062970900
       525.66153  -0.00029311217
       526.75666  -0.00029893079
       527.85179  -0.00017302761
       528.94692  -0.00074964688
       530.04204  -0.00041702708
       531.13717   0.00014363188
       532.23230  -0.00056689073
       533.32743   0.00083724756
       534.42256   0.00085974548
       535.51769    0.0011106885
       536.61281   0.00046129077
       537.70794   -0.0010001136
       538.80307   0.00051515849
       539.89820   4.3693790e-05
       540.99333    0.0014130843
       542.08846    0.0011155085
       543.18358   9.2098052e-05
       544.27871   2.9121332e-05
       545.37384   0.00044841870
       546.46897  -0.00087497706
       547.56410  -0.00013729216
       548.65922  -0.00045997594
       549.75435   0.00020496023
       550.84948  -0.00055590579
       551.94461  -0.00033519292
       553.03974  -0.00017403352
       554.13487   0.00040507340
       555.22999   3.1413702e-06
       556.32512   0.00029731690
       557.42025   0.00069660004
       558.51538    0.0011130159
       559.61051   0.00063389932
       560.70563   0.00054679819
       561.80076   0.00066495092
       562.89589   0.00030514025
       563.99102   0.00042195890
       565.08615   0.00060580187
       566.18128  -0.00077196226
       567.27640   0.00031403336
       568.37153   0.00025781372
       569.46666   0.00059969666
       570.56179  -1.6721205e-05
       571.65692  -0.00072118892
       572.75204   0.00018882775
       573.84717  -0.00022234206
       574.94230  -2.3291090e-05
       576.03743  -0.00068905184
       577.13256  -0.00033420199
       578.22769  -1.0052521e-05
       579.32281  -0.00019160634
       580.41794   9.3605482e-05
       581.51307   0.00045966456
       582.60820   0.00014973259
       583.70333  -2.3542865e-05
       584.79845  -0.00064158517
       585.89358  -7.2840302e-05
       586.98871  -0.00017360577
       588.08384   4.0665520e-05
       589.17897  -0.00086142081
       590.27410   5.5371751e-05
       591.36922  -0.00012865583
       592.46435  -0.00017061444
       593.55948   2.9025021e-06
       594.65461   0.00038071411
       595.74974  -0.00018022895
       596.84486   0.00070812582
       597.93999   0.00017757012
       599.03512   0.00069247496
       600.13025  -0.00043589376
       601.22538  -0.00058520174
       602.32051   0.00010978050
       603.41563   0.00028891838
       604.51076   8.8129878e-05
       605.60589   3.1429724e-05
       606.70102  -0.00064018846
       607.79615  -0.00036068750
       608.89127  -0.00030458327
       609.98640  -0.00033247087
       611.08153   0.00021054642
       612.17666   0.00021396749
       613.27179   4.8721319e-05
       614.36692   0.00024198023
       615.46204   0.00082984146
       616.55717   0.00036350867
       617.65230   0.00029446714
       618.74743  -0.00030000942
       619.84256   0.00028508540
       620.93768  -4.5729906e-05
       622.03281  -0.00010485440
       623.12794   0.00057693261
       624.22307   0.00069530777
       625.31820   0.00037087055
       626.41333  -0.00080604430
       627.50845  -0.00031397981
       628.60358  -0.00026202464
       629.69871   0.00050611150
       630.79384  -0.00016223996
       631.88897   1.9267006e-05
       632.98409  -0.00035413875
       634.07922  -0.00027502142
       635.17435  -0.00011205937
       636.26948  -0.00057140164
       637.36461  -0.00094426824
       638.45974   0.00018460462
       639.55486  -0.00026943001
       640.64999   0.00027692330
       641.74512   0.00023805967
       642.84025   0.00017288604
       643.93538  -4.6012727e-05
       645.03051   0.00040809133
       646.12563  -0.00010384160
       647.22076   0.00010731190
       648.31589  -0.00040284500
       649.41102   2.1129964e-05
       650.50615   2.2412106e-05
       651.60127   0.00024270742
       652.69640   7.8768394e-05
       653.79153  -0.00013608290
       654.88666   0.00027261668
       655.98179   0.00011687958
       657.07692   8.8542840e-05
       658.17204  -0.00066970309
       659.26717  -4.0043084e-05
       660.36230  -0.00015447384
       661.45743  -0.00024819268
       662.55256  -0.00071315738
       663.64768  -0.00024910658
       664.74281  -0.00049112187
       665.83794  -0.00036782972
       666.93307   0.00035160425
       668.02820  -0.00010050561
       669.12333    0.0010707925
       670.21845   0.00031782037
       671.31358  -0.00028145411
       672.40871   6.1091126e-06
       673.50384  -0.00026500288
       674.59897   0.00024553579
       675.69409   0.00036589210
       676.78922   0.00033388748
       677.88435  -9.6830006e-05
       678.97948  -0.00073485937
       680.07461  -3.9525902e-05
       681.16974   0.00024509382
       682.26486   1.5626611e-05
       683.35999   0.00012666337
       684.45512   0.00010112688
       685.55025  -0.00021292719
       686.64538   0.00031798692
       687.74050  -0.00016450226
       688.83563   0.00026048168
       689.93076   0.00021553174
       691.02589   9.0502443e-06
       692.12102  -0.00012211649
       693.21615  -0.00043384521
       694.31127   0.00020735224
       695.40640  -0.00032424156
       696.50153  -0.00028315145
       697.59666  -0.00030132842
       698.69179  -0.00035836279
       699.78691  -8.1854486e-05
       700.88204   0.00046578379
       701.97717  -0.00027090212
       703.07230   8.7962635e-05
       704.16743   0.00050099523
       705.26256   2.5719191e-05
       706.35768   0.00028839669
       707.45281  -0.00015617278
       708.54794   0.00027196360
       709.64307  -9.2709558e-05
       710.73820  -0.00026824094
       711.83332  -0.00033428143
       712.92845   0.00011271159
       714.02358   6.4417707e-05
       715.11871  -4.2492727e-05
       716.21384  -7.8094277e-05
       717.30897  -0.00030899384
       718.40409   0.00032064064
       719.49922   0.00015894181
       720.59435   0.00040976141
       721.68948  -0.00034749810
       722.78461  -9.0000123e-05
       723.87973   0.00038213226
       724.97486  -0.00023015519
       726.06999  -0.00011849358
       727.16512  -0.00035671654
       728.26025   0.00025350250
       729.35538  -0.00017508086
       730.45050  -0.00033539436
       731.54563   0.00044994397
       732.64076  -0.00022542327
       733.73589  -0.00012167797
       734.83102   1.6524289e-05
       735.92615  -9.9542014e-05
       737.02127  -3.7577526e-05
       738.11640   1.8797350e-05
       739.21153   0.00022009440
       740.30666  -0.00021203589
       741.40179  -0.00018349212
       742.49691  -0.00033978373
       743.59204   0.00024444687
       744.68717   0.00033474555
       745.78230  -0.00028155735
       746.87743  -0.00038372071
       747.97256  -0.00024739346
       749.06768  -0.00026114898
       750.16281   6.7203189e-06
       751.25794  -0.00031568149
       752.35307  -0.00016869972
       753.44820   0.00012014778
       754.54332   0.00014929921
       755.63845  -0.00015513364
       756.73358   0.00020400777
       757.82871   0.00016690527
       758.92384  -0.00045568214
       760.01897  -6.2841885e-05
       761.11409   0.00014287632
       762.20922   8.2298757e-05
       763.30435   0.00014229708
       764.39948  -0.00027171622
       765.49461  -0.00020701640
       766.58973   0.00014354896
       767.68486   9.7963543e-05
       768.77999  -0.00019767749
       769.87512  -0.00030541216
       770.97025  -4.2608146e-05
       772.06538   0.00041601419
       773.16050   0.00034969301
       774.25563  -4.7964314e-05
       775.35076  -0.00042334963
       776.44589  -0.00021355168
       777.54102   0.00023896145
       778.63614  -8.7928620e-05
       779.73127   0.00023058024
       780.82640  -0.00022734018
       781.92153  -0.00015733183
       783.01666  -0.00065778398
       784.11179   0.00026814331
       785.20691   7.5852412e-05
       786.30204  -0.00031754592
       787.39717   7.2920967e-05
       788.49230   7.7166928e-05
       789.58743   0.00018683491
       790.68255   0.00010725198
       791.77768   2.0676023e-05
       792.87281  -0.00028691101
       793.96794  -0.00016874709
       795.06307  -0.00011610864
       796.15820   6.8491672e-05
       797.25332   0.00013587079
       798.34845   0.00029002425
       799.44358   0.00018375241
       800.53871   9.1758794e-06
       801.63384  -0.00010790747
       802.72896   8.5460490e-05
       803.82409  -0.00054226067
       804.91922  -5.3340168e-06
       806.01435   3.5313802e-05
       807.10948   5.9770585e-05
       808.20461   0.00034402879
       809.29973   0.00016013334
       810.39486  -0.00018666449
       811.48999  -1.5991161e-05
       812.58512  -0.00017686288
       813.68025  -0.00046126677
       814.77537  -8.3096508e-05
       815.87050  -7.4286936e-05
       816.96563   1.8194461e-06
       818.06076  -1.9195181e-05
       819.15589  -3.7017768e-05
       820.25102  -0.00029184982
       821.34614  -6.8981648e-05
       822.44127  -0.00023328109
       823.53640   3.9330146e-05
       824.63153   0.00022907584
       825.72666   8.7700945e-05
       826.82178   6.0663803e-05
       827.91691   0.00029506045
       829.01204   8.5552995e-05
       830.10717   0.00041411761
       831.20230  -4.2449033e-05
       832.29743   0.00026483038
       833.39255   1.1485090e-05
       834.48768   0.00018471386
       835.58281   3.4660997e-05
       836.67794   0.00018578851
       837.77307  -0.00016181975
       838.86820   0.00020300840
       839.96332  -0.00034674911
       841.05845  -8.5948401e-05
       842.15358  -0.00025919193
       843.24871  -0.00011701699
       844.34384   0.00027932311
       845.43896  -0.00023080133
       846.53409   0.00013816097
       847.62922   3.1086670e-05
       848.72435   0.00018983802
       849.81948  -7.4322037e-05
       850.91461  -0.00010530161
       852.00973  -5.0838070e-05
       853.10486   0.00013126493
       854.19999   0.00026586119
       855.29512  -0.00012595774
       856.39025   0.00046322512
       857.48537  -0.00014017451
       858.58050   0.00019334054
       859.67563   0.00025337708
       860.77076  -0.00029967315
       861.86589   7.0752075e-05
       862.96102   2.4423778e-05
       864.05614   3.9809657e-05
       865.15127   7.8842180e-05
       866.24640  -0.00024827422
       867.34153  -3.2730118e-05
       868.43666   0.00030370003
       869.53178  -0.00020946295
       870.62691   0.00012151234
       871.72204   0.00014910061
       872.81717   0.00010734555
       873.91230  -9.5489576e-05
       875.00743   0.00010051534
       876.10255  -0.00012112653
       877.19768   0.00010317103
       878.29281  -0.00041941936
       879.38794   1.5224920e-05
       880.48307   3.9187193e-06
       881.57819  -9.2342271e-05
       882.67332   9.9547825e-05
       883.76845   0.00014965003
       884.86358   0.00021034657
       885.95871   0.00017809150
       887.05384   0.00021942695
       888.14896   5.1279857e-05
       889.24409  -1.8935545e-05
       890.33922   1.9841316e-05
       891.43435   7.6051114e-05
       892.52948   0.00026863218
       893.62460  -8.6491389e-05
       894.71973   9.0377018e-05
       895.81486  -0.00021336920
       896.90999  -0.00012238881
       898.00512  -3.7875301e-05
       899.10025  -0.00010813297
       900.19537  -0.00033541525
       901.29050  -0.00017976762
       902.38563  -4.8043403e-05
       903.48076  -2.3102299e-05
       904.57589  -0.00038452428
       905.67101   0.00021270619
       906.76614  -0.00016630421
       907.86127  -0.00028216384
       908.95640   8.1189626e-07
       910.05153  -0.00020904985
       911.14666  -9.1867033e-05
       912.24178  -0.00025288047
       913.33691  -6.2480167e-06
       914.43204  -2.9767661e-05
       915.52717   0.00027327406
       916.62230   0.00028227219
       917.71742  -0.00013889941
       918.81255  -0.00010413241
       919.90768  -0.00017309669
       921.00281   8.8369825e-05
       922.09794   3.8155856e-05
       923.19307   0.00014096737
       924.28819   2.7304055e-05
       925.38332   7.4589477e-05
       926.47845   0.00032887140
       927.57358  -6.1722937e-05
       928.66871   0.00015931430
       929.76384  -8.3562302e-05
       930.85896  -6.8707989e-05
       931.95409   0.00010787299
       933.04922   9.5486249e-05
       934.14435   6.9312497e-05
       935.23948  -2.2209183e-05
       936.33460   0.00028753417
       937.42973   4.7747837e-05
       938.52486  -0.00020306887
       939.61999  -8.6727470e-06
       940.71512   0.00020764814
       941.81025   0.00037764986
       942.90537   0.00014242549
       944.00050  -0.00027557589
       945.09563  -5.0476135e-06
       946.19076   1.1614859e-05
       947.28589   5.3106081e-05
       948.38101   4.6472053e-05
       949.47614   8.4216859e-06
       950.57127   0.00010768171
       951.66640   6.3743449e-05
       952.76153  -3.3563450e-05
       953.85666   0.00020577605
       954.95178   4.9259282e-05
       956.04691   7.6547623e-05
       957.14204   0.00023848808
       958.23717  -6.5374620e-05
       959.33230  -2.3282338e-05
       960.42742  -1.5766522e-05
       961.52255   0.00013315640
       962.61768   6.9627251e-06
       963.71281  -0.00023758271
       964.80794  -8.6584099e-06
       965.90307   3.6193357e-05
       966.99819   5.7367327e-05
       968.09332   4.7772057e-07
       969.18845  -0.00037219949
       970.28358   0.00031006370
       971.37871   0.00027411945
       972.47383  -6.3446495e-05
       973.56896   4.1049811e-05
       974.66409   0.00011812060
       975.75922   0.00026121325
       976.85435   0.00020978891
       977.94948  -0.00014478827
       979.04460   0.00012068145
       980.13973   6.0538518e-05
       981.23486   0.00014727723
       982.32999  -4.1636296e-05
       983.42512   0.00014977933
       984.52024  -9.5481484e-05
       985.61537  -0.00010603185
       986.71050   0.00016611451
       987.80563   0.00028723871
       988.90076  -9.3325731e-05
       989.99589   8.5484237e-05
       991.09101  -3.1862329e-05
       992.18614   0.00019099201
       993.28127  -0.00015496966
       994.37640   0.00019475954
       995.47153   0.00014376267
       996.56665  -0.00030959641
       997.66178   0.00012800090
       998.75691   4.5640958e-05
       999.85204   7.4499784e-05
       1000.9472   0.00019638945
       1002.0423  -8.9242771e-05
       1003.1374   0.00016232191
       1004.2326   0.00013950748
       1005.3277  -5.4246328e-05
       1006.4228   0.00014059075
       1007.5179   5.6305139e-05
       1008.6131   5.6335924e-05
       1009.7082  -5.0841276e-05
       1010.8033  -5.0430741e-05
       1011.8984  -0.00016982280
       1012.9936   0.00010832860
       1014.0887   0.00011882952
       1015.1838   0.00019032537
       1016.2790  -0.00023626951
       1017.3741  -1.3173006e-05
       1018.4692   4.3302432e-05
       1019.5643  -1.1685270e-05
       1020.6595  -3.5342220e-05
       1021.7546  -0.00024622453
       1022.8497  -1.9056437e-05
       1023.9449   0.00021695105
       1025.0400  -0.00010414729
       1026.1351  -0.00014585952
       1027.2302   6.7985126e-07
       1028.3254  -0.00024670127
       1029.4205   0.00027466910
       1030.5156   1.8812633e-05
       1031.6108  -5.1111101e-05
       1032.7059   2.7163276e-05
       1033.8010   0.00027699615
       1034.8961  -0.00031419412
       1035.9913  -4.3627282e-05
       1037.0864  -3.6353907e-06
       1038.1815   0.00013822086
       1039.2767  -0.00011956059
       1040.3718   0.00013274442
       1041.4669   0.00027213629
       1042.5620  -4.0897684e-05
       1043.6572   1.6843370e-05
       1044.7523   1.7938306e-05
       1045.8474  -4.2119252e-05
       1046.9426  -7.2030118e-05
       1048.0377   7.3482796e-05
       1049.1328  -0.00010813744
       1050.2279   3.5957095e-05
       1051.3231  -0.00014225758
       1052.4182   0.00012619147
       1053.5133   0.00020466472
       1054.6084   5.2173815e-05
       1055.7036   0.00010813886
       1056.7987   6.2587383e-05
       1057.8938   0.00010694409
       1058.9890  -6.3549517e-05
       1060.0841   1.6098713e-05
       1061.1792  -3.8042527e-05
       1062.2743  -8.2817424e-05
       1063.3695   0.00027509069
       1064.4646   7.5752950e-05
       1065.5597  -4.7315362e-05
       1066.6549   0.00023017488
       1067.7500  -4.3859490e-05
       1068.8451  -0.00019973374
       1069.9402   0.00020447342
       1071.0354   4.3045322e-05
       1072.1305  -3.3765285e-05
       1073.2256  -6.2872862e-05
       1074.3208   1.7025282e-05
       1075.4159   1.8460447e-05
       1076.5110  -5.4665007e-05
       1077.6061  -0.00020198192
       1078.7013  -0.00027262629
       1079.7964  -0.00013079647
       1080.8915   0.00016614857
       1081.9867  -3.6514654e-05
       1083.0818   0.00025684271
       1084.1769   8.3133788e-06
       1085.2720  -9.0027284e-06
       1086.3672  -8.5431684e-05
       1087.4623   2.7565991e-05
       1088.5574  -9.7444243e-05
       1089.6526   0.00015741705
       1090.7477   3.6414548e-05
       1091.8428  -3.9828597e-05
       1092.9379   5.6516636e-05
       1094.0331  -9.0155389e-05
       1095.1282  -5.1703992e-05
       1096.2233   0.00012796520
       1097.3184  -0.00015460290
       1098.4136   5.7363126e-05
       1099.5087   0.00020504077
       1100.6038   2.9871738e-05
       1101.6990   3.1041343e-05
       1102.7941   4.7413729e-06
       1103.8892   8.3758043e-05
       1104.9843   4.8380618e-05
       1106.0795  -0.00027190353
       1107.1746   8.8624603e-05
       1108.2697  -1.2556176e-06
       1109.3649  -5.5331460e-05
       1110.4600  -2.9393090e-05
       1111.5551   0.00029023201
       1112.6502   9.5101656e-05
       1113.7454   0.00028470502
       1114.8405   3.3382719e-05
       1115.9356  -1.1232810e-06
       1117.0308  -9.7089379e-05
       1118.1259  -2.5833505e-05
       1119.2210   3.9799216e-05
       1120.3161  -3.5883506e-06
       1121.4113  -3.8632114e-05
       1122.5064   9.4246514e-05
       1123.6015  -4.9366389e-05
       1124.6967  -9.8568692e-06
       1125.7918  -1.2379658e-05
       1126.8869   4.4176749e-05
       1127.9820  -8.8355672e-05
       1129.0772   3.5139869e-05
       1130.1723   0.00018243276
       1131.2674   8.8067807e-05
       1132.3626   1.2854972e-05
       1133.4577   8.3956478e-05
       1134.5528  -2.3297148e-05
       1135.6479  -0.00014534843
       1136.7431  -8.7497596e-05
       1137.8382   5.6009299e-05
       1138.9333  -4.3140070e-05
       1140.0284   8.4300908e-06
       1141.1236   0.00017650572
       1142.2187   3.8539313e-05
       1143.3138   3.6661501e-05
       1144.4090   0.00012104464
       1145.5041  -0.00022106745
       1146.5992   4.1669363e-05
       1147.6943  -7.6807554e-05
       1148.7895  -6.1916796e-06
       1149.8846  -9.3350860e-06
       1150.9797  -3.7488063e-05
       1152.0749  -0.00013637531
       1153.1700   0.00016269741
       1154.2651   2.9937819e-05
       1155.3602   6.1290211e-05
       1156.4554   3.8706684e-05
       1157.5505   2.2928323e-05
       1158.6456  -0.00012013496
       1159.7408  -0.00012901743
       1160.8359   6.7663238e-05
       1161.9310  -2.9390297e-05
       1163.0261  -0.00010940296
       1164.1213   2.9190188e-05
       1165.2164   0.00017820131
       1166.3115   7.8630910e-05
       1167.4067   1.6368224e-05
       1168.5018   3.1826061e-06
       1169.5969  -3.5872417e-05
       1170.6920   1.7231073e-06
       1171.7872  -7.6994528e-05
       1172.8823   5.2585632e-05
       1173.9774   2.9910900e-05
       1175.0726   2.1088588e-05
       1176.1677  -5.4795155e-06
       1177.2628   3.6032735e-05
       1178.3579   0.00017733211
       1179.4531   0.00024755387
       1180.5482   0.00027658747
       1181.6433  -0.00022007542
       1182.7384   3.2467220e-05
       1183.8336   6.7911066e-05
       1184.9287  -4.8167301e-05
       1186.0238   9.6972513e-06
       1187.1190   0.00011184844
       1188.2141  -0.00023051500
       1189.3092   0.00016403015
       1190.4043  -1.2892007e-05
       1191.4995  -7.0255929e-05
       1192.5946   7.6368654e-05
       1193.6897   9.0344330e-05
       1194.7849  -0.00011206218
       1195.8800  -3.9688482e-05
       1196.9751  -6.3964177e-05
       1198.0702  -1.3037033e-05
       1199.1654   7.8029533e-05
       1200.2605   0.00010504129
       1201.3556   4.5923193e-05
       1202.4508   8.3590298e-05
       1203.5459   8.9230371e-05
       1204.6410   2.8029970e-05
       1205.7361  -8.0224104e-05
       1206.8313   0.00022965411
       1207.9264   0.00033636556
       1209.0215   2.0881207e-05
       1210.1167  -7.5442799e-05
       1211.2118  -0.00017815158
       1212.3069   0.00013054758
       1213.4020   0.00014154631
       1214.4972  -7.6536359e-05
       1215.5923   6.4737227e-05
       1216.6874  -4.4086213e-05
       1217.7825   6.7077267e-05
       1218.8777   0.00025134082
       1219.9728  -0.00012258298
       1221.0679  -0.00011483622
       1222.1631   0.00020434177
       1223.2582  -3.6548874e-05
       1224.3533  -0.00011329002
       1225.4484   0.00020292442
       1226.5436  -3.5837024e-05
       1227.6387  -6.7810986e-05
       1228.7338   0.00019047155
       1229.8290   0.00014556243
       1230.9241   0.00010268057
       1232.0192  -0.00017003110
       1233.1143   0.00012597910
       1234.2095   7.9030764e-05
       1235.3046   4.7255054e-05
       1236.3997   5.8010863e-05
       1237.4949   5.5964300e-05
       1238.5900  -9.4010308e-05
       1239.6851   1.7737321e-05
       1240.7802   8.2293787e-05
       1241.8754   0.00012288541
       1242.9705  -0.00012697697
       1244.0656  -2.0685018e-06
       1245.1608   8.6776948e-05
       1246.2559   0.00011683933
       1247.3510  -0.00015346386
       1248.4461   8.3959731e-05
       1249.5413   3.0260249e-05
       1250.6364  -0.00013852343
       1251.7315   6.7528802e-05
       1252.8267   2.7664879e-05
       1253.9218   6.2317957e-05
       1255.0169   6.4047283e-05
       1256.1120   9.3413168e-05
       1257.2072   0.00020203329
       1258.3023  -0.00013150746
       1259.3974   8.0565635e-05
       1260.4925   0.00026972949
       1261.5877  -0.00014393783
       1262.6828  -8.1255198e-05
       1263.7779  -0.00011809327
       1264.8731  -0.00014587955
       1265.9682  -8.2951273e-05
       1267.0633   0.00013569545
       1268.1584   0.00022597004
       1269.2536   9.6740339e-05
       1270.3487   7.2476799e-05
       1271.4438   6.5732108e-05
       1272.5390   5.5044083e-05
       1273.6341   6.7188065e-05
       1274.7292  -7.2048782e-05
       1275.8243   2.3661015e-05
       1276.9195   0.00013808680
       1278.0146   0.00022147361
       1279.1097  -3.3292803e-05
       1280.2049   9.2660560e-05
       1281.3000   0.00010231838
       1282.3951   4.5136795e-05
       1283.4902   0.00013792865
       1284.5854   6.5903220e-05
       1285.6805   8.1582836e-05
       1286.7756  -2.1661500e-05
       1287.8708  -0.00020791108
       1288.9659  -5.3948543e-05
       1290.0610   9.8428673e-05
       1291.1561   2.1554139e-06
       1292.2513  -2.7937669e-05
       1293.3464   0.00011167110
       1294.4415   7.5327637e-05
       1295.5367   0.00024034240
       1296.6318   5.6003638e-05
       1297.7269   0.00045894987
       1298.8220  -0.00029296121
       1299.9172  -0.00023568847
       1301.0123   5.7159460e-05
       1302.1074  -0.00016564509
       1303.2025  -8.7852442e-06
       1304.2977  -4.2391102e-06
       1305.3928  -5.1024470e-05
       1306.4879  -5.8566211e-05
       1307.5831   3.2040574e-05
       1308.6782   0.00012237696
       1309.7733  -2.5187804e-05
       1310.8684  -5.1738871e-05
       1311.9636   0.00015106409
       1313.0587   0.00012205169
       1314.1538   0.00029309184
       1315.2490  -0.00011225637
       1316.3441   3.8894988e-05
       1317.4392  -7.8544942e-05
       1318.5343  -6.4665324e-05
       1319.6295   4.7535013e-05
       1320.7246  -0.00017239374
       1321.8197   9.0642496e-05
       1322.9149   4.0786774e-06
       1324.0100   0.00017594231
       1325.1051   7.6349851e-05
       1326.2002   3.0547000e-05
       1327.2954  -5.9659635e-05
       1328.3905  -0.00012546343
       1329.4856  -0.00012755263
       1330.5808   0.00012853640
       1331.6759  -3.0553821e-05
       1332.7710  -8.0602674e-05
       1333.8661   9.9390607e-05
       1334.9613  -0.00019506390
       1336.0564   1.5023258e-05
       1337.1515   0.00020060469
       1338.2467   7.0469297e-05
       1339.3418   0.00011841734
       1340.4369  -3.3845560e-05
       1341.5320   1.5765445e-05
       1342.6272  -8.5390749e-05
       1343.7223  -1.3494225e-06
       1344.8174   6.2780860e-05
       1345.9125  -0.00010538980
       1347.0077   6.1525405e-05
       1348.1028  -7.8056695e-05
       1349.1979   0.00012749009
       1350.2931   3.2864189e-05
       1351.3882  -8.3981265e-05
       1352.4833  -5.6175210e-05
       1353.5784  -0.00016035040
       1354.6736   0.00016044207
       1355.7687   7.8372218e-05
       1356.8638  -7.8154156e-05
       1357.9590  -1.6469407e-05
       1359.0541   0.00013063581
       1360.1492  -8.7432783e-05
       1361.2443  -1.0997564e-05
       1362.3395   6.5745416e-05
       1363.4346  -0.00012012341
       1364.5297  -4.8716133e-05
       1365.6249   2.9168309e-05
       1366.7200  -7.8087504e-06
       1367.8151   4.2785615e-05
       1368.9102   7.7018687e-05
       1370.0054   2.0563603e-05
       1371.1005   8.9728577e-05
       1372.1956  -0.00013135000
       1373.2908  -4.8304675e-05
       1374.3859   4.5411327e-05
       1375.4810   3.8814836e-05
       1376.5761  -9.4832821e-05
       1377.6713   3.7618507e-05
       1378.7664  -6.7516227e-05
       1379.8615  -2.0326356e-05
       1380.9567   0.00019833351
       1382.0518   0.00022135888
       1383.1469  -9.1346197e-05
       1384.2420  -2.6474732e-05
       1385.3372  -5.4184530e-06
       1386.4323  -0.00017729407
       1387.5274   0.00015849849
       1388.6225  -4.9926136e-05
       1389.7177  -7.4169107e-05
       1390.8128   2.3362155e-05
       1391.9079   2.2060287e-05
       1393.0031   1.1444442e-05
       1394.0982  -3.4288297e-05
       1395.1933   0.00019826012
       1396.2884  -1.5701372e-05
       1397.3836  -0.00014214958
       1398.4787   0.00010401548
       1399.5738  -1.8093853e-05
       1400.6690   0.00014108310
       1401.7641   0.00013230110
       1402.8592  -8.7452003e-05
       1403.9543   5.4313413e-05
       1405.0495  -0.00014811597
       1406.1446  -1.9033575e-05
       1407.2397  -3.4898581e-05
       1408.3349  -0.00019299274
       1409.4300  -3.6539723e-05
       1410.5251   9.3597151e-05
       1411.6202   2.3373140e-05
       1412.7154  -0.00022865438
       1413.8105  -3.1280944e-05
       1414.9056   9.2886908e-05
       1416.0008   3.7182034e-05
       1417.0959   7.7565771e-05
       1418.1910  -0.00012279104
       1419.2861  -4.2423125e-05
       1420.3813   5.3189233e-05
       1421.4764  -6.7212240e-05
       1422.5715   3.0771806e-05
       1423.6666   3.9118622e-05
       1424.7618   0.00013152008
       1425.8569   4.1121235e-05
       1426.9520   6.1270144e-05
       1428.0472  -3.9983453e-05
       1429.1423   1.0795122e-06
       1430.2374   9.7405005e-05
       1431.3325  -3.0804344e-05
       1432.4277   9.0502574e-05
       1433.5228  -6.9311628e-05
       1434.6179   0.00011039923
       1435.7131  -9.1484556e-06
       1436.8082   3.0549399e-05
       1437.9033  -8.4186242e-05
       1438.9984  -0.00013439187
       1440.0936   7.5818216e-05
       1441.1887   4.1131585e-05
       1442.2838   9.8024681e-05
       1443.3790   4.3167484e-05
       1444.4741   5.8900540e-05
       1445.5692   7.2158773e-05
       1446.6643   4.4653197e-05
       1447.7595  -6.7053136e-07
       1448.8546  -6.8126128e-05
       1449.9497   4.7901107e-05
       1451.0449  -0.00010665816
       1452.1400   4.7443852e-05
       1453.2351  -6.7272942e-06
       1454.3302  -8.2535853e-05
       1455.4254   2.3919863e-05
       1456.5205  -1.3525921e-05
       1457.6156  -1.3560187e-06
       1458.7108   1.7258373e-05
       1459.8059   1.4257147e-05
       1460.9010  -7.2615054e-06
       1461.9961  -0.00014430875
       1463.0913   4.4121434e-05
       1464.1864   3.2793575e-05
       1465.2815  -6.3549656e-05
       1466.3766   7.5541754e-05
       1467.4718  -0.00012422473
       1468.5669  -1.9743789e-05
       1469.6620  -8.6598516e-05
       1470.7572   2.4039782e-07
       1471.8523  -6.6202901e-06
       1472.9474  -1.8670783e-05
       1474.0425   6.1955624e-05
       1475.1377   0.00010920683
       1476.2328  -2.6349871e-05
       1477.3279   9.1749098e-05
       1478.4231  -5.2660330e-05
       1479.5182  -1.5275752e-06
       1480.6133   8.5505597e-05
       1481.7084   2.7323638e-05
       1482.8036  -9.0020736e-05
       1483.8987   1.7381489e-05
       1484.9938   5.2330865e-07
       1486.0890  -6.4315926e-05
       1487.1841  -5.3396028e-05
       1488.2792   3.8606437e-05
       1489.3743   1.9665427e-05
       1490.4695  -2.0944794e-05
       1491.5646   6.6039490e-05
       1492.6597   3.5032112e-05
       1493.7549   2.9233554e-05
       1494.8500   3.5409266e-05
       1495.9451   6.4833912e-06
       1497.0402   0.00015609860
       1498.1354   3.6120263e-05
       1499.2305   7.9676131e-05
       1500.3256  -5.1031906e-06
       1501.4208  -4.0905316e-05
       1502.5159   7.4636374e-05
       1503.6110   7.7664264e-05
       1504.7061  -0.00013383227
       1505.8013   0.00014556221
       1506.8964   1.2942042e-06
       1507.9915   3.7035273e-05
       1509.0866   3.4499974e-05
       1510.1818   3.5016976e-05
       1511.2769   7.4200927e-05
       1512.3720  -1.5646437e-05
       1513.4672   1.0559499e-05
       1514.5623  -1.3804703e-05
       1515.6574  -3.6741155e-05
       1516.7525   2.6339080e-05
       1517.8477   3.7862153e-05
       1518.9428   9.2242658e-05
       1520.0379   0.00016324906
       1521.1331   1.4041538e-05
       1522.2282  -1.4898100e-05
       1523.3233  -1.8759846e-06
       1524.4184  -5.6218018e-05
       1525.5136   3.9374287e-05
       1526.6087   1.9564086e-05
       1527.7038   2.3279699e-05
       1528.7990  -5.9830812e-05
       1529.8941  -6.5420748e-05
       1530.9892  -1.4723836e-05
       1532.0843   6.2180811e-06
       1533.1795   3.6026317e-05
       1534.2746  -4.6015329e-05
       1535.3697   9.5114885e-05
       1536.4649   5.4008330e-05
       1537.5600   4.2626476e-05
       1538.6551   5.2616348e-05
       1539.7502   3.8386847e-05
       1540.8454   2.6474502e-05
       1541.9405   3.2333498e-06
       1543.0356   3.3455172e-05
       1544.1308   3.2989368e-05
       1545.2259   2.1840769e-05
       1546.3210   0.00015238202
       1547.4161   7.2047303e-05
       1548.5113   0.00015552504
       1549.6064  -6.4510702e-05
       1550.7015  -3.0735986e-05
       1551.7966   0.00013460663
       1552.8918   0.00012014279
       1553.9869  -7.3265186e-06
       1555.0820  -5.5105950e-05
       1556.1772   5.7002037e-05
       1557.2723   4.0829244e-05
       1558.3674   1.8904693e-05
       1559.4625  -3.4418538e-05
       1560.5577  -8.8192806e-05
       1561.6528   4.5671422e-05
       1562.7479  -1.6434195e-05
       1563.8431   9.0563999e-05
       1564.9382  -0.00013105654
       1566.0333  -3.0753243e-05
       1567.1284   3.9997056e-05
       1568.2236  -0.00010961999
       1569.3187  -1.9641275e-05
       1570.4138   5.4465152e-05
       1571.5090  -5.2611814e-05
       1572.6041  -5.7339701e-05
       1573.6992   0.00012809280
       1574.7943   8.7214610e-05
       1575.8895   2.1514643e-05
       1576.9846   0.00013259742
       1578.0797  -0.00010079492
       1579.1749   5.7546810e-05
       1580.2700  -0.00011481990
       1581.3651   1.3157334e-05
       1582.4602  -6.6594344e-05
       1583.5554   0.00010654642
       1584.6505   0.00020155107
       1585.7456   0.00013860197
       1586.8408  -1.3543853e-06
       1587.9359  -1.1903844e-05
       1589.0310  -9.7062968e-06
       1590.1261  -6.5243017e-06
       1591.2213  -3.9471151e-05
       1592.3164   6.1220531e-05
       1593.4115   7.0741068e-05
       1594.5066  -0.00012375283
       1595.6018  -5.5967915e-05
       1596.6969  -3.9322312e-05
       1597.7920  -7.0202360e-05
       1598.8872  -1.6560756e-05
       1599.9823   5.4670299e-05
       1601.0774  -1.2377323e-06
       1602.1725   4.9301457e-06
       1603.2677   1.5268810e-05
       1604.3628  -9.6241020e-06
       1605.4579  -0.00011015643
       1606.5531  -8.5149751e-05
       1607.6482   6.4317254e-06
       1608.7433   7.4459954e-05
       1609.8384   0.00010257492
       1610.9336  -3.0506152e-05
       1612.0287   7.0863197e-05
       1613.1238  -2.4988036e-06
       1614.2190   2.5716984e-05
       1615.3141  -9.6232637e-06
       1616.4092  -8.8118115e-05
       1617.5043   9.3509826e-06
       1618.5995  -2.2848879e-05
       1619.6946   3.1190010e-05
       1620.7897   2.8733416e-05
       1621.8849   4.8094852e-05
       1622.9800  -3.9096859e-05
       1624.0751  -0.00012018825
       1625.1702   3.6760593e-06
       1626.2654  -2.9270138e-05
       1627.3605   1.2108578e-05
       1628.4556   1.5210192e-05
       1629.5507   5.8375954e-05
       1630.6459  -5.3787509e-05
       1631.7410   5.3462617e-05
       1632.8361  -3.3244720e-05
       1633.9313   0.00011730118
       1635.0264   4.6830217e-05
       1636.1215   2.9991835e-05
       1637.2166  -3.2267831e-05
       1638.3118   7.8049883e-06
       1639.4069   2.9331180e-05
       1640.5020  -6.1687342e-05
       1641.5972  -4.1994715e-05
       1642.6923   4.1724064e-05
       1643.7874  -1.0064127e-05
       1644.8825  -1.5893807e-05
       1645.9777  -6.5657188e-05
       1647.0728  -3.3221016e-05
       1648.1679   8.7904057e-05
       1649.2631  -2.2716852e-06
       1650.3582  -7.3621404e-05
       1651.4533  -2.1741305e-05
       1652.5484   2.9311977e-06
       1653.6436   3.3573703e-05
       1654.7387   0.00011111384
       1655.8338   3.3045056e-05
       1656.9290   1.1342387e-05
       1658.0241   3.4231668e-06
       1659.1192   3.1147900e-05
       1660.2143   8.1441017e-05
       1661.3095  -9.8965928e-06
       1662.4046  -1.2012586e-05
       1663.4997   2.4722018e-05
       1664.5949   6.5661647e-05
       1665.6900  -8.2960305e-06
       1666.7851  -0.00010028651
       1667.8802  -1.3416955e-05
       1668.9754  -4.9184037e-05
       1670.0705   5.9611403e-06
       1671.1656   3.5967831e-05
       1672.2607   0.00013514530
       1673.3559   4.3211848e-05
       1674.4510   4.8191337e-05
       1675.5461  -1.6545747e-06
       1676.6413  -5.1236680e-05
       1677.7364  -8.5090533e-05
       1678.8315  -5.1266451e-06
       1679.9266  -6.6468700e-05
       1681.0218   3.5614008e-06
       1682.1169  -5.1973498e-05
       1683.2120   5.6267003e-05
       1684.3072  -3.3421894e-05
       1685.4023   3.7012837e-05
       1686.4974  -3.1554900e-05
       1687.5925   3.1867885e-06
       1688.6877  -5.3617354e-05
       1689.7828  -9.0864170e-06
       1690.8779   3.5422352e-05
       1691.9731   6.6915954e-05
       1693.0682   0.00014384490
       1694.1633   5.6049554e-07
       1695.2584  -1.9857454e-05
       1696.3536  -5.2207019e-06
       1697.4487  -4.1606767e-05
       1698.5438   6.8947739e-06
       1699.6390  -4.5863609e-05
       1700.7341   1.1699651e-05
       1701.8292  -8.6278716e-06
       1702.9243   5.4487924e-05
       1704.0195  -1.8755338e-05
       1705.1146   5.8595496e-06
       1706.2097   2.4775560e-05
       1707.3049  -2.7969157e-05
       1708.4000   5.1185882e-05
       1709.4951  -8.2289410e-05
       1710.5902   1.5103652e-05
       1711.6854   5.9611795e-05
       1712.7805   9.2286869e-06
       1713.8756  -4.1552077e-06
       1714.9707   6.7030309e-05
       1716.0659   1.9203274e-05
       1717.1610   2.4423765e-05
       1718.2561  -6.8985978e-06
       1719.3513   6.2197623e-05
       1720.4464   2.4541715e-06
       1721.5415  -0.00012710253
       1722.6366   4.1622261e-05
       1723.7318   0.00014350310
       1724.8269   4.3919974e-05
       1725.9220  -5.3386593e-05
       1727.0172   3.0818785e-05
       1728.1123  -5.0351067e-05
       1729.2074   4.6593359e-05
       1730.3025  -1.1431880e-07
       1731.3977  -9.6192732e-05
       1732.4928   3.9284774e-05
       1733.5879  -3.6273193e-05
       1734.6831   2.4757472e-05
       1735.7782  -2.4984329e-05
       1736.8733   8.9115118e-05
       1737.9684  -2.1651127e-05
       1739.0636   4.0201120e-05
       1740.1587  -5.9163979e-05
       1741.2538   2.3578284e-05
       1742.3490  -8.2345093e-06
       1743.4441  -6.7774706e-05
       1744.5392  -4.9785109e-06
       1745.6343   5.2280343e-05
       1746.7295  -8.5330101e-05
       1747.8246  -7.8023102e-05
       1748.9197   8.2058974e-05
       1750.0149  -4.1198288e-05
       1751.1100   1.5658842e-05
       1752.2051   2.1425038e-05
       1753.3002   1.3886010e-05
       1754.3954   5.3405643e-06
       1755.4905  -9.1361559e-05
       1756.5856  -9.2338763e-07
       1757.6807  -6.2476178e-05
       1758.7759   9.7989694e-06
       1759.8710  -2.0185130e-07
       1760.9661  -2.3622635e-05
       1762.0613  -7.9161550e-05
       1763.1564  -5.0021630e-05
       1764.2515  -8.3702064e-06
       1765.3466   9.0967819e-06
       1766.4418  -2.2307652e-06
       1767.5369   7.1222868e-05
       1768.6320  -3.6594018e-05
       1769.7272   2.0447336e-05
       1770.8223  -4.1197663e-05
       1771.9174  -2.1070451e-05
       1773.0125  -1.2103946e-05
       1774.1077   6.9101978e-05
       1775.2028  -2.8791798e-05
       1776.2979  -5.8015949e-05
       1777.3931   1.7324463e-06
       1778.4882  -2.4011135e-06
       1779.5833   2.6080971e-05
       1780.6784   1.6754096e-05
       1781.7736  -8.3068370e-05
       1782.8687   8.2768671e-07
       1783.9638   1.8392653e-05
       1785.0590   6.3687645e-05
       1786.1541   1.1661119e-05
       1787.2492  -5.9771650e-05
       1788.3443  -2.4994700e-05
       1789.4395   4.9441848e-05
       1790.5346  -3.2862515e-05
       1791.6297  -9.3456971e-07
       1792.7249   2.3153388e-05
       1793.8200   5.2011787e-05
       1794.9151   4.6454191e-05
       1796.0102   6.3816488e-05
       1797.1054  -3.9066328e-05
       1798.2005   5.9582712e-05
       1799.2956  -1.9883374e-05
       1800.3907  -4.8861529e-06
       1801.4859   9.6174840e-06
       1802.5810   6.3932877e-06
       1803.6761   4.6171607e-05
       1804.7713   1.2589430e-05
       1805.8664   1.8435060e-05
       1806.9615  -3.8531121e-05
       1808.0566  -1.4019979e-05
       1809.1518   1.1788818e-05
       1810.2469  -4.5829220e-06
       1811.3420   1.8059630e-07
       1812.4372   1.8482915e-06
       1813.5323   5.1600598e-05
       1814.6274  -4.2080405e-05
       1815.7225   3.3429250e-05
       1816.8177  -3.6931414e-05
       1817.9128   4.2533039e-05
       1819.0079   1.5603629e-05
       1820.1031  -5.6021104e-06
       1821.1982   6.5345182e-05
       1822.2933  -1.6416651e-05
       1823.3884   6.7505954e-05
       1824.4836  -7.9771893e-05
       1825.5787   0.00013543178
       1826.6738   0.00010151622
       1827.7690   5.9851602e-06
       1828.8641   7.7851690e-05
       1829.9592  -2.3661211e-05
       1831.0543  -4.2841520e-05
       1832.1495   8.7123442e-05
       1833.2446   5.1689092e-05
       1834.3397   1.2986751e-06
       1835.4348   3.2976702e-05
       1836.5300   7.1687174e-06
       1837.6251   1.4005606e-05
       1838.7202   5.0682269e-06
       1839.8154  -2.5071359e-05
       1840.9105  -3.4464009e-05
       1842.0056  -0.00012597115
       1843.1007  -4.6066564e-05
       1844.1959   2.9677974e-05
       1845.2910   3.1926049e-06
       1846.3861  -2.2661512e-06
       1847.4813   6.8768052e-07
       1848.5764  -4.2989443e-05
       1849.6715   1.3919594e-05
       1850.7666   5.9844569e-05
       1851.8618   2.2929948e-05
       1852.9569   5.8752481e-05
       1854.0520   3.1706145e-05
       1855.1472  -2.3967327e-06
       1856.2423  -5.9328713e-05
       1857.3374   4.8990114e-05
       1858.4325   1.6812673e-06
       1859.5277   4.1023628e-05
       1860.6228  -4.0261296e-05
       1861.7179   5.2642424e-05
       1862.8131  -1.4062618e-05
       1863.9082   5.5205315e-05
       1865.0033  -0.00012448618
       1866.0984   2.2506513e-05
       1867.1936  -6.9618336e-05
       1868.2887   8.0272619e-05
       1869.3838   1.0751988e-05
       1870.4790  -3.1336964e-06
       1871.5741   9.0907387e-05
       1872.6692  -2.6697805e-05
       1873.7643   5.6724719e-05
       1874.8595   6.9930965e-05
       1875.9546  -2.5317749e-05
       1877.0497  -1.3867150e-05
       1878.1448   2.2526002e-05
       1879.2400   0.00011954054
       1880.3351  -5.4794464e-05
       1881.4302   1.8945335e-05
       1882.5254   3.7695701e-05
       1883.6205   0.00010936323
       1884.7156   6.0769389e-05
       1885.8107   2.0909222e-06
       1886.9059   5.8623809e-05
       1888.0010  -5.5036940e-05
       1889.0961   3.3075971e-05
       1890.1913   5.8035672e-05
       1891.2864  -5.0599068e-05
       1892.3815  -1.2952916e-06
       1893.4766  -2.0056125e-05
       1894.5718   1.9160855e-05
       1895.6669  -9.9353988e-05
       1896.7620   2.2184724e-05
       1897.8572   5.0715801e-05
       1898.9523   1.0175785e-05
       1900.0474  -2.2892096e-05
       1901.1425  -1.9691807e-05
       1902.2377   0.00010377411
       1903.3328   3.5221889e-05
       1904.4279  -3.0261717e-05
       1905.5231   1.2282543e-05
       1906.6182  -1.7259877e-05
       1907.7133   5.6982772e-05
       1908.8084  -7.9189103e-05
       1909.9036   2.2632494e-05
       1910.9987   5.8951463e-07
       1912.0938  -1.7554405e-05
       1913.1890   3.0334951e-05
       1914.2841  -5.0842635e-05
       1915.3792  -3.4383253e-05
       1916.4743  -1.0603222e-06
       1917.5695  -5.2397959e-05
       1918.6646   8.2850989e-07
       1919.7597   1.6627896e-05
       1920.8548   5.0943573e-05
       1921.9500   6.0014958e-07
       1923.0451  -3.9979985e-05
       1924.1402   2.6734437e-05
       1925.2354  -2.5884219e-05
       1926.3305   6.4961479e-06
       1927.4256  -1.1300315e-05
       1928.5207   2.2573775e-06
       1929.6159  -6.0365157e-05
       1930.7110   4.3047072e-05
       1931.8061  -2.2316995e-05
       1932.9013  -2.4420689e-05
       1933.9964  -2.5577956e-05
       1935.0915   2.7708290e-05
       1936.1866  -8.1750741e-06
       1937.2818  -3.4774834e-05
       1938.3769  -8.0991801e-06
       1939.4720  -2.5396890e-05
       1940.5672   6.1621114e-05
       1941.6623   8.1375777e-05
       1942.7574   2.1007286e-05
       1943.8525  -3.7784957e-06
       1944.9477  -2.6562559e-05
       1946.0428  -1.2193508e-06
       1947.1379   2.4731737e-05
       1948.2331   3.2747131e-05
       1949.3282   0.00010378860
       1950.4233  -3.7081030e-05
       1951.5184   4.1087754e-05
       1952.6136  -3.1449716e-05
       1953.7087   3.4204825e-06
       1954.8038   1.1801456e-05
       1955.8990  -1.1249911e-05
       1956.9941  -4.4681707e-05
       1958.0892   7.0130327e-05
       1959.1843  -3.3500752e-05
       1960.2795  -1.4808903e-05
       1961.3746  -1.3640573e-05
       1962.4697  -2.0041834e-05
       1963.5648   1.5776249e-05
       1964.6600  -9.5824685e-06
       1965.7551   1.0475663e-05
       1966.8502   2.4474206e-05
       1967.9454   8.2284912e-06
       1969.0405   4.6191448e-06
       1970.1356   3.7580613e-05
       1971.2307  -3.7824469e-06
       1972.3259   4.9072636e-05
       1973.4210  -2.4262300e-05
       1974.5161   6.8093604e-05
       1975.6113   7.7803178e-06
       1976.7064  -1.6290770e-05
       1977.8015  -2.9768642e-05
       1978.8966  -1.2389024e-05
       1979.9918   7.3845037e-05
       1981.0869  -1.5416004e-05
       1982.1820   1.6245681e-05
       1983.2772   1.4324562e-05
       1984.3723   3.2321711e-05
       1985.4674  -7.1354220e-06
       1986.5625  -2.0920285e-05
       1987.6577   2.1324733e-05
       1988.7528   3.0338126e-05
       1989.8479   5.3963991e-05
       1990.9431   1.1546696e-05
       1992.0382   5.8752620e-05
       1993.1333  -4.3775658e-05
       1994.2284   5.1786718e-05
       1995.3236   4.9240030e-05
       1996.4187   6.1072339e-05
       1997.5138   9.3452611e-06
       1998.6090   4.2203470e-05
       1999.7041  -1.6758640e-05
       2000.7992  -3.3050341e-05
       2001.8943  -8.3817585e-05
       2002.9895   4.0946012e-05
       2004.0846   3.2660314e-06
       2005.1797  -6.6767846e-05
       2006.2748   5.6787396e-05
       2007.3700  -7.1161719e-06
       2008.4651  -2.6015803e-05
       2009.5602   1.8610716e-05
       2010.6554   3.6651950e-05
       2011.7505   1.0765477e-06
       2012.8456   4.1980106e-05
       2013.9407  -1.0111134e-06
       2015.0359   1.2343007e-06
       2016.1310  -2.6842209e-05
       2017.2261  -2.5052074e-05
       2018.3213  -2.2906487e-05
       2019.4164   1.2412802e-05
       2020.5115   2.2109800e-05
       2021.6066   2.0540597e-05
       2022.7018   1.4255401e-05
       2023.7969  -1.0053010e-06
       2024.8920   1.3038450e-05
       2025.9872   3.7310201e-05
       2027.0823   3.4804090e-05
       2028.1774   2.4999498e-05
       2029.2725   6.2479096e-07
       2030.3677  -7.0653310e-06
       2031.4628  -2.8716374e-05
       2032.5579  -1.2900118e-05
       2033.6531  -3.8289639e-05
       2034.7482   2.4910801e-05
       2035.8433  -4.3342047e-05
       2036.9384   8.3948393e-06
       2038.0336   1.1595853e-05
       2039.1287   1.4460256e-05
       2040.2238   3.1238466e-05
       2041.3189   3.3048010e-05
       2042.4141   5.0537857e-05
       2043.5092   1.9870381e-05
       2044.6043  -7.1790697e-07
       2045.6995   9.6825453e-06
       2046.7946  -7.0091305e-05
       2047.8897  -3.0612204e-05
       2048.9848   2.1901124e-05
       2050.0800   2.5126327e-05
       2051.1751  -8.5124275e-06
       2052.2702   3.5071872e-05
       2053.3654  -2.2045464e-05
       2054.4605   6.2108046e-05
       2055.5556  -2.0542377e-05
       2056.6507   2.1369128e-05
       2057.7459  -2.7982903e-05
       2058.8410   2.4261632e-05
       2059.9361   1.5999286e-05
       2061.0313  -2.1969130e-05
       2062.1264   2.9004357e-05
       2063.2215   4.5354761e-05
       2064.3166   4.1087951e-05
       2065.4118  -3.0165259e-06
       2066.5069   2.3315903e-05
       2067.6020   2.1316773e-05
       2068.6972  -5.3628714e-06
       2069.7923  -3.0801718e-05
       2070.8874   1.6736685e-05
       2071.9825   7.6883221e-06
       2073.0777  -1.1517076e-05
       2074.1728  -1.4723369e-05
       2075.2679   9.3650622e-06
       2076.3631  -6.4164394e-06
       2077.4582   2.9341268e-05
       2078.5533  -1.4056399e-05
       2079.6484  -1.6458417e-06
       2080.7436   1.5879372e-05
       2081.8387   1.7265908e-05
       2082.9338  -1.5400394e-05
       2084.0289   1.5322560e-05
       2085.1241   1.4470077e-06
       2086.2192  -1.0155489e-05
       2087.3143  -4.8428445e-05
       2088.4095   1.4990611e-05
       2089.5046  -2.8511144e-05
       2090.5997   2.1820252e-05
       2091.6948  -2.5498613e-05
       2092.7900  -2.5548281e-05
       2093.8851   4.9913326e-06
       2094.9802  -2.6136967e-05
       2096.0754  -3.0456946e-05
       2097.1705  -3.5667026e-06
       2098.2656   2.5938390e-05
       2099.3607   3.5362460e-05
       2100.4559   1.8535042e-06
       2101.5510  -1.5312031e-05
       2102.6461  -5.0514334e-05
       2103.7413  -7.7637929e-06
       2104.8364   1.2989998e-05
       2105.9315  -1.5225056e-05
       2107.0266   1.0880697e-05
       2108.1218   4.0101232e-05
       2109.2169  -9.0132277e-06
       2110.3120   2.1685309e-05
       2111.4072  -3.6205548e-06
       2112.5023   1.7138045e-05
       2113.5974   8.0746513e-06
       2114.6925  -4.3016532e-05
       2115.7877  -1.0052061e-05
       2116.8828   2.6269002e-05
       2117.9779   1.2310723e-05
       2119.0731  -3.8854145e-05
       2120.1682   2.4725824e-05
       2121.2633   4.8713330e-05
       2122.3584   4.5832555e-05
       2123.4536  -3.7600118e-05
       2124.5487  -4.2415095e-05
       2125.6438  -1.4816665e-05
       2126.7389   2.1139657e-05
       2127.8341   5.6582916e-06
       2128.9292  -2.5513634e-05
       2130.0243   8.0798649e-07
       2131.1195   3.2339711e-05
       2132.2146  -3.2562575e-05
       2133.3097  -2.1338198e-05
       2134.4048  -2.0445109e-05
       2135.5000   6.5204654e-05
       2136.5951  -1.5219953e-05
       2137.6902   3.0853877e-05
       2138.7854   1.3302354e-05
       2139.8805  -4.3327258e-05
       2140.9756   5.0114272e-06
       2142.0707   5.7569129e-06
       2143.1659  -5.2861847e-06
       2144.2610  -2.7852904e-05
       2145.3561  -5.0614856e-05
       2146.4513   1.5398035e-05
       2147.5464  -1.3900730e-05
       2148.6415  -4.1611914e-05
       2149.7366  -1.8081642e-05
       2150.8318  -1.3255756e-05
       2151.9269  -1.8257753e-05
       2153.0220  -4.3414106e-05
       2154.1172  -1.0868627e-05
       2155.2123   3.2355524e-05
       2156.3074   4.6643159e-07
       2157.4025  -1.0679506e-05
       2158.4977   2.2013845e-05
       2159.5928  -3.1891652e-05
       2160.6879   3.8886364e-05
       2161.7831  -1.9902548e-05
       2162.8782  -7.1239249e-06
       2163.9733  -8.9818395e-06
       2165.0684   2.5559513e-05
       2166.1636  -3.7290918e-05
       2167.2587   3.2770305e-05
       2168.3538   2.6491988e-05
       2169.4489   2.2739121e-06
       2170.5441   1.6554659e-05
       2171.6392   1.8537269e-05
       2172.7343   3.4697214e-06
       2173.8295   5.1578989e-05
       2174.9246  -1.7246424e-05
       2176.0197   8.3042864e-06
       2177.1148   3.9638787e-06
       2178.2100   1.5868634e-05
       2179.3051  -1.3100137e-05
       2180.4002  -2.7190124e-05
       2181.4954   4.4745502e-05
       2182.5905  -3.3454894e-05
       2183.6856  -3.2836146e-05
       2184.7807   8.5699905e-06
       2185.8759   3.3895093e-05
       2186.9710  -2.2481915e-05
       2188.0661  -1.7223982e-05
       2189.1613  -1.6392816e-05
       2190.2564   5.9835849e-06
       2191.3515   7.1440620e-06
       2192.4466   1.0947472e-05
       2193.5418   2.8703740e-05
       2194.6369  -7.3367791e-06
       2195.7320   1.2463050e-05
       2196.8272  -2.7957771e-05
       2197.9223   3.1398819e-06
       2199.0174   1.4091374e-05
       2200.1125  -4.3419946e-05
       2201.2077  -5.5612569e-05
       2202.3028   2.3257221e-05
       2203.3979   3.6647780e-05
       2204.4931   7.7395558e-06
       2205.5882  -2.8991209e-05
       2206.6833  -5.7501509e-06
       2207.7784  -4.9347944e-05
       2208.8736  -1.5991663e-05
       2209.9687   2.7389482e-05
       2211.0638  -2.3882962e-05
       2212.1589   3.6866219e-05
       2213.2541  -1.6314327e-05
       2214.3492   5.3799088e-06
       2215.4443  -3.2742155e-05
       2216.5395  -2.6349608e-05
       2217.6346  -2.2361626e-05
       2218.7297   3.6739347e-05
       2219.8248  -9.4180923e-06
       2220.9200   1.2483283e-05
       2222.0151   2.0255750e-05
       2223.1102   1.0072004e-05
       2224.2054  -7.5497150e-06
       2225.3005   3.2764366e-05
       2226.3956  -1.7334268e-05
       2227.4907   1.3645375e-05
       2228.5859  -3.0611212e-05
       2229.6810   3.1753048e-05
       2230.7761  -1.7379894e-05
       2231.8713   2.4410324e-06
       2232.9664   2.1509669e-05
       2234.0615   4.2810361e-07
       2235.1566   1.5850640e-05
       2236.2518  -8.6297540e-06
       2237.3469  -9.0425338e-06
       2238.4420  -1.2564961e-06
       2239.5372   5.5928629e-06
       2240.6323  -2.6256932e-05
       2241.7274   1.8073596e-05
