# ACT PA4 Bandpass Data — extracted by Colin H. from Jeff M.’s Keynote file (FTS_2017.key)
#220 GHz bandwidht / band center table
#col0: channel
#col1: band center
#col2: band width
249.0 228.67 69.56
280.0 219.35 61.92
282.0 230.29 70.4
312.0 230.3 73.91
313.0 223.76 78.39
314.0 225.27 80.15
505.0 220.9 79.22
536.0 217.14 69.2
537.0 227.62 73.05
538.0 226.23 74.18
568.0 223.85 78.38
569.0 225.64 77.64
570.0 222.8 77.43
634.0 223.18 74.07
761.0 215.53 76.25
792.0 218.66 73.38
793.0 225.1 74.53
794.0 221.38 79.27
824.0 221.91 76.67
825.0 222.28 79.06
826.0 220.04 75.94
858.0 227.03 72.94
888.0 225.55 71.7
890.0 220.66 80.88
1048.0 219.88 74.85
1049.0 217.69 75.6
1080.0 218.84 76.3
1081.0 222.53 74.6
1082.0 216.74 73.99
1112.0 224.14 41.87
1144.0 223.73 82.84
1304.0 218.65 74.65
1305.0 215.41 71.5
1336.0 216.93 73.86
1337.0 219.04 76.43
1338.0 212.66 70.29
1370.0 226.28 76.28
1400.0 224.0 77.08
1402.0 220.77 75.5
1592.0 212.85 60.8
1593.0 217.53 76.36
1626.0 225.02 74.06
1656.0 225.71 72.76
1658.0 220.77 75.44
249.0 224.1 77.26
280.0 217.51 65.59
282.0 233.88 65.12
312.0 225.94 78.48
313.0 225.42 77.99
314.0 223.98 82.57
473.0 220.98 68.65
505.0 221.57 80.31
536.0 219.91 65.29
537.0 224.42 74.6
568.0 223.28 78.88
569.0 224.75 78.23
570.0 224.99 68.53
634.0 226.98 67.98
761.0 218.35 77.66
792.0 218.76 73.17
793.0 224.53 75.91
794.0 225.76 71.47
824.0 221.84 74.7
825.0 224.11 74.91
826.0 218.88 77.76
858.0 221.98 77.4
888.0 231.04 68.03
890.0 224.43 73.79
1017.0 217.24 58.2
1048.0 219.49 76.35
1049.0 219.02 75.01
1050.0 203.59 71.13
1080.0 222.77 65.31
1081.0 220.25 78.07
1082.0 215.75 76.63
1112.0 230.86 54.6
1144.0 228.81 70.24
1304.0 218.77 73.85
1305.0 218.51 69.15
1336.0 214.54 79.03
1337.0 218.5 79.01
1338.0 212.73 70.54
1368.0 222.22 54.1
1370.0 226.07 77.33
1400.0 222.36 81.21
1402.0 220.14 79.95
1593.0 218.17 75.01
1626.0 223.8 77.53
1656.0 223.45 74.37
1658.0 220.06 78.08
249.0 232.74 65.74
280.0 220.6 58.86
282.0 231.06 67.49
312.0 228.43 76.23
313.0 228.55 60.31
314.0 225.13 79.88
505.0 221.78 75.31
536.0 216.35 63.11
537.0 223.61 72.33
538.0 228.54 68.57
568.0 223.61 79.6
569.0 225.62 76.81
570.0 221.58 76.97
761.0 215.78 77.87
792.0 217.21 75.13
793.0 227.33 71.36
794.0 224.87 71.23
825.0 222.01 79.13
826.0 223.81 66.54
858.0 234.34 61.08
888.0 223.67 73.66
890.0 220.95 75.07
1048.0 218.58 78.32
1049.0 220.95 70.36
1080.0 218.07 77.66
1081.0 221.22 77.6
1082.0 217.78 74.46
1144.0 220.52 84.69
1304.0 219.42 74.27
1305.0 219.04 65.52
1336.0 216.92 75.46
1337.0 218.31 78.6
1370.0 227.87 74.19
1400.0 222.5 77.1
1402.0 221.19 75.92
1593.0 218.72 77.08
1626.0 227.3 70.88
1656.0 224.85 74.58
1658.0 219.92 76.36
249.0 235.7 65.56
280.0 219.55 59.92
282.0 226.42 77.32
312.0 225.16 79.24
313.0 219.89 82.88
314.0 224.49 80.19
473.0 218.56 54.82
505.0 222.1 77.77
536.0 218.14 68.72
537.0 230.72 70.68
538.0 226.89 75.24
568.0 221.28 82.9
569.0 224.72 77.81
570.0 221.4 79.99
634.0 219.84 66.12
761.0 220.4 70.16
792.0 217.21 75.14
793.0 223.68 72.68
794.0 220.3 79.39
824.0 221.83 77.55
825.0 223.86 71.12
826.0 219.27 72.81
858.0 226.8 66.08
888.0 222.77 79.46
890.0 222.23 77.14
1048.0 221.32 69.06
1049.0 219.06 71.72
1080.0 218.4 76.23
1081.0 218.81 79.65
1082.0 215.97 75.83
1112.0 221.42 64.12
1144.0 224.34 78.44
1304.0 217.42 77.02
1305.0 218.15 72.23
1336.0 216.12 75.15
1337.0 219.2 77.39
1338.0 215.13 70.78
1368.0 220.72 39.58
1370.0 227.41 74.76
1400.0 223.36 76.79
1402.0 220.95 75.99
1593.0 217.89 75.61
1624.0 222.08 40.16
1626.0 227.61 71.68
1656.0 222.16 77.35
1658.0 220.32 75.65
263.0 221.86 76.68
517.0 218.9 78.53
519.0 217.85 81.59
549.0 224.47 73.26
550.0 227.58 78.18
551.0 228.05 74.04
582.0 228.89 68.24
614.0 216.59 61.05
773.0 220.74 81.68
775.0 219.97 70.1
805.0 230.08 61.45
806.0 228.2 74.6
807.0 228.25 73.09
837.0 235.14 53.56
838.0 223.65 75.23
839.0 222.49 75.56
870.0 220.31 73.0
1029.0 226.36 62.68
1031.0 215.03 63.01
1061.0 218.85 79.22
1063.0 227.79 74.42
1093.0 231.6 69.03
1094.0 219.56 76.31
1095.0 219.33 71.65
1125.0 222.04 69.26
1126.0 222.78 63.89
1127.0 220.18 69.33
1317.0 222.04 70.68
1349.0 226.56 76.27
1350.0 214.8 73.07
1381.0 216.74 76.06
1382.0 217.95 71.92
1383.0 218.3 71.06
1605.0 224.48 74.94
1637.0 213.62 73.57
1639.0 214.98 75.68
1702.0 219.93 71.82
263.0 228.01 67.88
517.0 224.25 72.03
519.0 222.24 75.75
549.0 223.78 77.72
550.0 226.81 81.48
551.0 225.66 79.09
582.0 226.33 74.84
614.0 227.32 68.15
773.0 222.49 79.22
775.0 220.4 61.99
805.0 219.0 80.61
806.0 231.67 71.76
807.0 226.5 75.06
838.0 224.29 76.5
839.0 224.4 72.63
870.0 221.09 76.09
1029.0 225.78 64.05
1031.0 215.17 62.1
1061.0 218.2 80.66
1062.0 237.5 61.71
1063.0 226.06 77.75
1093.0 230.04 70.58
1094.0 220.62 75.95
1095.0 222.04 70.92
1125.0 219.46 74.48
1126.0 217.71 76.17
1127.0 223.45 66.06
1317.0 220.26 76.45
1349.0 226.64 73.97
1350.0 215.79 72.42
1381.0 217.25 77.52
1382.0 218.43 74.82
1383.0 219.07 74.44
1446.0 216.41 67.32
1541.0 217.29 59.73
1573.0 229.91 53.0
1605.0 224.93 76.43
1637.0 213.71 76.16
1639.0 215.91 75.74
1702.0 219.1 73.14
263.0 221.27 69.55
517.0 224.21 70.36
519.0 222.59 76.27
549.0 221.72 83.24
550.0 223.54 82.89
551.0 224.95 81.91
582.0 229.86 68.32
614.0 232.85 63.46
773.0 223.98 77.96
775.0 220.33 73.57
805.0 221.82 77.52
806.0 231.17 74.76
807.0 224.69 80.96
838.0 225.64 73.91
839.0 221.51 71.87
870.0 224.32 71.77
1029.0 221.23 75.05
1031.0 213.84 66.31
1061.0 220.52 77.27
1062.0 225.04 79.67
1063.0 228.38 74.95
1093.0 231.5 66.74
1094.0 221.42 75.33
1095.0 219.71 72.22
1125.0 219.28 76.37
1127.0 219.75 76.91
1317.0 219.31 76.27
1319.0 243.96 58.24
1349.0 228.28 73.69
1350.0 216.96 72.04
1381.0 219.07 71.91
1382.0 217.68 74.68
1383.0 217.73 76.73
1541.0 213.25 57.67
1605.0 225.7 76.1
1637.0 214.46 73.13
1639.0 215.73 76.85
1702.0 220.54 69.71
1862.0 206.04 49.22
263.0 221.27 69.55
517.0 224.21 70.36
519.0 222.59 76.27
549.0 221.72 83.24
550.0 223.54 82.89
551.0 224.95 81.91
582.0 229.86 68.32
614.0 232.85 63.46
773.0 223.98 77.96
775.0 220.33 73.57
805.0 221.82 77.52
806.0 231.17 74.76
807.0 224.69 80.96
838.0 225.64 73.91
839.0 221.51 71.87
870.0 224.32 71.77
1029.0 221.23 75.05
1031.0 213.84 66.31
1061.0 220.52 77.27
1062.0 225.04 79.67
1063.0 228.38 74.95
1093.0 231.5 66.74
1094.0 221.42 75.33
1095.0 219.71 72.22
1125.0 219.28 76.37
1127.0 219.75 76.91
1317.0 219.31 76.27
1319.0 243.96 58.24
1349.0 228.28 73.69
1350.0 216.96 72.04
1381.0 219.07 71.91
1382.0 217.68 74.68
1383.0 217.73 76.73
1541.0 213.25 57.67
1605.0 225.7 76.1
1637.0 214.46 73.13
1639.0 215.73 76.85
1702.0 220.54 69.71
1862.0 206.04 49.22
741.0 223.73 71.57
743.0 223.54 75.27
933.0 241.45 39.77
965.0 223.61 74.86
966.0 220.06 75.31
997.0 223.05 74.63
1030.0 220.3 72.63
1062.0 219.11 75.09
1221.0 219.43 73.48
1222.0 215.85 72.06
1223.0 221.66 82.84
1254.0 227.14 70.23
1255.0 227.8 76.44
1287.0 228.19 75.11
1317.0 221.69 68.92
1318.0 218.32 74.35
1319.0 219.3 75.62
1477.0 213.7 69.62
1479.0 223.73 78.39
1509.0 222.55 79.81
1511.0 230.23 70.31
1541.0 219.71 65.5
1573.0 216.74 76.91
1574.0 218.11 73.09
1575.0 217.15 73.4
1607.0 218.4 63.0
1733.0 211.75 54.79
1797.0 221.81 55.33
1799.0 221.51 78.39
1829.0 215.79 74.27
1831.0 215.65 71.75
1894.0 217.7 73.62
121.0 229.92 72.59
186.0 218.64 80.06
345.0 219.3 86.09
377.0 224.1 75.93
442.0 224.95 75.82
580.0 219.09 74.16
664.0 223.94 78.81
696.0 219.55 81.13
771.0 211.66 78.37
835.0 224.59 73.85
836.0 219.37 68.24
952.0 217.88 78.58
953.0 222.3 77.95
1027.0 218.35 73.24
1059.0 207.05 83.16
1091.0 223.26 79.56
1092.0 218.21 73.56
1156.0 228.2 70.5
1177.0 219.26 81.37
1209.0 218.72 86.18
1283.0 219.24 75.7
1315.0 216.77 82.84
1348.0 215.41 83.79
1412.0 218.52 77.7
1476.0 223.33 75.96
1540.0 227.18 77.63
1572.0 216.79 80.02
1604.0 232.4 61.08
345.0 222.99 66.44
377.0 226.9 67.51
442.0 223.48 73.54
515.0 214.7 32.29
696.0 222.26 74.81
771.0 210.44 76.78
835.0 223.4 71.77
836.0 216.37 71.1
900.0 230.49 61.41
952.0 219.98 75.18
953.0 221.66 73.58
1027.0 212.02 78.2
1091.0 226.49 68.07
1092.0 216.48 75.59
1156.0 228.52 72.4
1283.0 214.67 80.05
1348.0 217.07 74.16
1412.0 221.96 73.05
1476.0 222.44 76.06
1540.0 229.65 73.2
1604.0 228.05 69.14
1219.0 242.45 39.4
837.0 229.06 57.45
869.0 223.08 76.96
902.0 224.66 77.92
903.0 227.27 71.99
934.0 223.0 79.41
1157.0 223.18 73.66
1158.0 225.03 72.16
1159.0 224.23 77.5
1189.0 222.19 78.71
1190.0 221.63 79.22
1191.0 223.48 76.71
1414.0 221.5 66.92
1415.0 219.68 76.54
1445.0 219.79 79.27
1446.0 220.7 77.84
1447.0 220.21 77.61
1478.0 225.31 77.42
1510.0 220.53 78.56
1669.0 220.03 63.9
1671.0 211.6 65.29
1701.0 217.02 78.65
1703.0 217.19 78.58
1734.0 220.95 81.24
1735.0 223.13 40.98
1766.0 216.77 76.86
1767.0 219.11 77.24
1957.0 210.79 76.1
2022.0 213.48 71.08
849.0 218.05 75.94
880.0 215.85 71.35
881.0 214.96 69.0
944.0 223.97 69.87
1232.0 216.94 75.6
1233.0 219.99 66.29
1264.0 216.09 65.1
1265.0 217.77 73.6
1296.0 215.33 65.35
1328.0 220.8 75.04
1329.0 231.42 70.89
1553.0 219.3 58.51
1555.0 224.53 81.42
1587.0 224.41 75.9
1616.0 219.07 74.67
1617.0 218.42 75.93
1618.0 222.15 75.83
1619.0 234.55 60.36
1620.0 232.29 36.24
1648.0 215.7 70.11
1649.0 219.28 78.27
1650.0 224.0 74.97
1651.0 225.85 76.81
1680.0 222.4 74.09
1681.0 219.23 68.91
1712.0 221.32 76.32
1713.0 223.99 76.1
1776.0 223.65 67.94
1939.0 224.19 73.3
2000.0 222.31 67.19
2001.0 219.39 76.29
2002.0 222.28 75.98
2032.0 218.62 78.38
2033.0 219.86 78.52
16.0 219.36 81.52
17.0 224.4 73.06
49.0 227.67 75.89
337.0 227.08 54.65
401.0 230.67 71.17
432.0 227.11 79.45
496.0 234.46 58.49
81.0 213.65 79.74
112.0 220.88 62.53
144.0 224.52 43.01
145.0 219.37 70.41
528.0 219.37 76.54
529.0 220.77 72.72
560.0 219.5 76.59
561.0 221.99 75.22
592.0 221.74 68.55
593.0 218.23 64.68
624.0 220.61 82.08
849.0 218.16 77.09
880.0 225.59 30.15
912.0 223.1 75.16
913.0 224.19 66.68
944.0 218.4 78.71
945.0 222.37 76.33
976.0 221.44 77.86
977.0 220.88 72.49
1008.0 224.28 76.53
1009.0 231.18 66.42
1233.0 223.6 74.56
1296.0 224.94 72.18
1297.0 223.54 77.42
1328.0 219.12 79.75
1360.0 217.94 75.86
1392.0 223.23 77.93
1681.0 227.63 75.41
1744.0 229.72 74.15
1745.0 230.13 73.09
1776.0 220.37 77.65
1907.0 234.1 57.12
188.0 190.92 6.94
220.0 171.47 5.76
646.0 218.52 51.44
377.0 226.69 73.35
442.0 224.73 82.85
516.0 212.18 70.63
696.0 221.98 83.63
698.0 222.5 83.12
771.0 216.39 75.72
772.0 214.99 72.42
803.0 217.96 76.25
804.0 221.68 78.72
836.0 221.26 78.48
920.0 223.45 81.39
952.0 222.38 78.38
953.0 224.99 72.89
1027.0 218.37 78.56
1028.0 218.62 78.71
1060.0 221.57 81.22
1091.0 228.24 75.95
1092.0 218.47 82.71
1209.0 221.65 81.3
1283.0 219.05 82.78
1284.0 225.02 76.51
1315.0 220.61 82.12
1348.0 220.95 79.45
1380.0 222.53 75.77
1412.0 221.04 84.09
1444.0 223.28 75.9
1476.0 226.15 80.03
1498.0 228.62 72.19
1540.0 226.28 70.75
26.0 236.89 46.79
29.0 221.57 78.46
60.0 215.91 75.92
217.0 218.52 74.7
248.0 218.51 79.06
249.0 219.3 77.97
250.0 218.62 75.81
282.0 229.98 62.47
283.0 226.62 77.37
284.0 220.33 81.63
312.0 216.91 81.35
314.0 219.85 81.46
316.0 216.25 75.33
348.0 225.3 73.99
473.0 217.88 76.86
505.0 217.53 77.75
536.0 229.01 70.47
538.0 216.02 80.91
539.0 230.17 66.64
568.0 215.85 81.41
570.0 217.65 82.25
729.0 217.05 80.89
794.0 214.46 78.69
824.0 217.34 78.39
826.0 217.22 79.68
1016.0 211.8 80.72
1048.0 223.76 76.33
377.0 229.84 73.6
440.0 227.87 78.57
442.0 227.02 78.21
665.0 226.46 79.08
696.0 224.05 79.24
772.0 212.57 73.42
952.0 222.16 78.09
986.0 226.13 79.5
1018.0 223.92 79.72
1027.0 217.11 74.26
1028.0 215.84 75.29
1059.0 217.2 75.99
1060.0 221.0 77.78
1092.0 220.09 76.01
1272.0 225.11 81.33
1283.0 218.12 78.33
1284.0 220.03 76.79
1315.0 220.85 74.7
1316.0 222.69 78.61
1348.0 220.66 76.92
1412.0 225.39 76.57
1444.0 219.88 81.15
1476.0 230.46 72.26
1498.0 221.59 78.04
1528.0 225.63 77.28
1530.0 221.27 77.21
1784.0 224.2 77.77
345.0 223.73 69.87
377.0 226.9 70.64
408.0 226.28 72.71
440.0 225.31 74.73
441.0 228.09 70.45
442.0 221.48 81.4
665.0 219.78 79.16
666.0 224.03 69.23
696.0 223.14 79.11
697.0 223.59 78.69
698.0 224.18 64.45
730.0 234.42 44.68
762.0 224.35 73.69
772.0 211.87 74.79
804.0 222.06 64.37
920.0 222.91 80.4
921.0 223.94 80.07
952.0 219.54 83.18
953.0 222.26 78.72
986.0 226.79 73.64
1018.0 222.25 76.77
1027.0 214.93 75.4
1028.0 217.24 72.53
1059.0 218.5 77.53
1060.0 221.35 72.56
1092.0 220.54 71.65
1177.0 222.88 86.13
1209.0 222.16 78.99
1242.0 224.39 75.75
1272.0 226.52 70.07
1283.0 218.26 75.89
1284.0 219.53 73.13
1315.0 222.08 74.75
1316.0 221.7 75.08
1347.0 223.67 67.18
1348.0 219.31 78.23
1412.0 221.78 75.76
1444.0 222.25 75.19
1476.0 222.1 73.84
1498.0 222.54 74.67
1528.0 223.72 71.26
1530.0 222.41 70.56
1784.0 221.9 72.68