# ACT PA4 Bandpass Data — extracted by Colin H. from Jeff M.’s Keynote file (FTS_2017.key)
#col0: frequency [GHz]
#col1: 150 GHz response
#col2: 150 GHz error on response from bootstrap
#col3: 220 GHz response
#col4: 220 GHz error on response from bootstrap
1.91 -416.4326 40.085 -626.2743 79.1877
3.83 39.9628 21.0919 534.7518 66.1097
5.75 160.3772 25.7647 955.1025 81.9576
7.67 112.2486 18.5094 737.1779 63.8072
9.59 62.7211 9.8357 447.837 38.3086
11.51 38.1952 6.1419 274.684 27.1919
13.43 23.9615 4.3385 176.5978 18.5639
15.35 13.2466 2.629 90.3535 9.0595
17.27 10.2925 1.8209 54.368 5.2072
19.19 6.7013 1.3028 32.6184 2.7684
21.11 5.0009 1.0104 31.979 2.8776
23.03 3.801 0.856 21.6936 2.2626
24.95 2.7097 0.6331 16.5091 1.6306
26.87 1.9949 0.3907 13.502 1.2693
28.79 1.6047 0.2924 11.6618 1.0345
30.71 1.1103 0.2456 10.138 0.8628
32.63 1.2025 0.2476 7.747 0.6674
34.55 0.8343 0.2021 6.7258 0.7008
36.47 0.7017 0.1968 5.333 0.5676
38.39 0.6765 0.1674 4.1688 0.4807
40.31 0.4288 0.1506 3.3158 0.3825
42.23 0.3371 0.1335 2.7528 0.3038
44.15 0.1899 0.1108 2.1869 0.2372
46.07 0.204 0.108 2.2926 0.257
47.99 0.1388 0.095 2.0271 0.2396
49.91 0.1788 0.087 1.9193 0.2033
51.83 0.1779 0.0774 1.5561 0.1717
53.75 0.0293 0.0664 1.1149 0.1311
55.67 0.0122 0.0545 0.9765 0.1276
57.59 0.05 0.0525 1.0702 0.1309
59.51 0.0199 0.0481 1.0045 0.1214
61.43 0.0289 0.0407 0.825 0.0964
63.35 0.0655 0.0407 0.8043 0.0997
65.27 0.0771 0.0377 0.6844 0.0884
67.19 0.0194 0.0341 0.4916 0.0754
69.11 0.0476 0.0348 0.3381 0.0606
71.03 0.0446 0.0282 0.3711 0.0633
72.95 0.0301 0.0278 0.4241 0.0615
74.87 0.0222 0.0282 0.3135 0.0525
76.79 -0.0015 0.0243 0.2864 0.0466
78.71 -0.006 0.0239 0.2677 0.0423
80.63 -0.0017 0.0222 0.2769 0.0407
82.55 0.0006 0.0213 0.2419 0.041
84.47 -0.0011 0.0188 0.2139 0.0382
86.39 -0.0225 0.0162 0.1544 0.035
88.31 -0.0181 0.0172 0.1037 0.0319
90.23 -0.0014 0.0156 0.1453 0.0341
92.15 -0.0089 0.0157 0.1277 0.0309
94.06 0.0065 0.0164 0.1333 0.0303
95.98 0.0051 0.0161 0.1033 0.0302
97.9 -0.0033 0.014 0.0766 0.0269
99.82 0.0011 0.0118 0.1228 0.0265
101.74 -0.0045 0.0126 0.0983 0.024
103.66 -0.0139 0.012 0.08 0.0238
105.58 0.0006 0.0126 0.0955 0.0228
107.5 0.0073 0.0112 0.0891 0.0229
109.42 0.0061 0.0112 0.045 0.0203
111.34 -0.0008 0.0106 0.0366 0.0195
113.26 -0.0049 0.0101 0.0525 0.0202
115.18 0.0026 0.0112 0.0453 0.0186
117.1 0.0103 0.0124 0.0394 0.0178
119.02 0.0057 0.0123 0.0414 0.0173
120.94 0.0106 0.0118 0.0092 0.0151
122.86 0.0479 0.0126 0.0095 0.0157
124.78 0.1435 0.0143 0.008 0.0153
126.7 0.3023 0.0159 0.0261 0.0144
128.62 0.4317 0.0163 0.0309 0.0138
130.54 0.5202 0.0148 0.0112 0.0137
132.46 0.6209 0.0164 0.0133 0.0126
134.38 0.7201 0.0168 0.0217 0.0125
136.3 0.7911 0.0151 0.0152 0.0123
138.22 0.8605 0.0152 0.0107 0.0117
140.14 0.9479 0.0127 0.0093 0.0119
142.06 0.9873 0.0118 0.0121 0.011
143.98 0.9931 0.0128 0.0098 0.01
145.9 1.0 0.0131 -0.0027 0.0102
147.82 0.9776 0.014 0.0138 0.0109
149.74 0.9599 0.0145 -0.002 0.0093
151.66 0.9456 0.0148 -0.0134 0.0083
153.58 0.9291 0.0142 -0.0121 0.0093
155.5 0.9186 0.0158 0.0118 0.0101
157.42 0.872 0.0179 0.0095 0.0094
159.34 0.8123 0.0169 0.0017 0.0086
161.26 0.7701 0.0169 0.008 0.0093
163.18 0.7219 0.0186 0.0038 0.0083
165.1 0.6278 0.021 -0.0011 0.0081
167.02 0.4943 0.0212 0.0035 0.0079
168.94 0.3524 0.0202 0.0044 0.0078
170.86 0.1984 0.0151 -0.0003 0.0078
172.78 0.0829 0.0088 -0.0051 0.0075
174.7 0.0322 0.0059 -0.0007 0.0075
176.62 0.0146 0.0049 0.0043 0.007
178.54 0.0065 0.0045 0.0125 0.0076
180.46 0.0028 0.0043 0.0289 0.0082
182.38 -0.0024 0.0046 0.0593 0.0096
184.3 -0.0056 0.0039 0.1135 0.0123
186.22 -0.0026 0.0034 0.1985 0.0156
188.13 -0.0033 0.0039 0.3155 0.0187
190.05 -0.0045 0.0036 0.4234 0.0208
191.97 -0.0068 0.0031 0.5067 0.0224
193.89 -0.0081 0.0029 0.569 0.0238
195.81 -0.0094 0.003 0.6467 0.025
197.73 -0.0067 0.0028 0.7227 0.0256
199.65 -0.0062 0.003 0.7787 0.0258
201.57 -0.0051 0.003 0.8265 0.0254
203.49 -0.0051 0.0029 0.8749 0.0249
205.41 -0.0038 0.0028 0.9114 0.0251
207.33 -0.003 0.0029 0.9337 0.0251
209.25 -0.0029 0.0027 0.971 0.0249
211.17 -0.0025 0.0031 0.9934 0.0248
213.09 -0.0042 0.0029 0.9945 0.0243
215.01 -0.0018 0.0029 1.0 0.0246
216.93 -0.0024 0.0024 0.9983 0.0243
218.85 -0.0039 0.0025 0.9808 0.0233
220.77 -0.0029 0.0024 0.9491 0.0232
222.69 -0.0034 0.0027 0.9198 0.0229
224.61 -0.0024 0.0025 0.91 0.0229
226.53 -0.0036 0.0023 0.9037 0.0232
228.45 -0.0028 0.0022 0.8911 0.0238
230.37 -0.0014 0.0021 0.8798 0.0235
232.29 -0.0021 0.0025 0.8626 0.0229
234.21 -0.0043 0.0022 0.8504 0.0227
236.13 -0.002 0.002 0.8498 0.0225
238.05 -0.0003 0.0023 0.8399 0.0227
239.97 -0.0004 0.0021 0.8298 0.0229
241.89 -0.0024 0.002 0.8123 0.0221
243.81 0.0 0.0019 0.7797 0.0217
245.73 0.0011 0.0022 0.7436 0.0212
247.65 -0.0012 0.002 0.7103 0.0211
249.57 -0.0019 0.002 0.6756 0.0197
251.49 0.0006 0.0022 0.6436 0.0196
253.41 0.0023 0.0022 0.6109 0.0192
255.33 0.004 0.0022 0.5967 0.0185
257.25 0.0045 0.0023 0.585 0.0184
259.17 0.0035 0.0022 0.553 0.0186
261.09 0.0035 0.0022 0.5087 0.0185
263.01 0.0046 0.0023 0.4481 0.0186
264.93 0.0071 0.0021 0.3764 0.0183
266.85 0.0076 0.0021 0.2845 0.0153
268.77 0.0066 0.0018 0.1894 0.0119
270.69 0.0088 0.0022 0.1262 0.0089
272.61 0.0086 0.0024 0.088 0.0072
274.53 0.0073 0.002 0.0742 0.0067
276.45 0.0064 0.0019 0.0672 0.0064
278.37 0.007 0.002 0.0511 0.0056
280.29 0.0068 0.0018 0.0402 0.0052
282.2 0.0048 0.0017 0.0279 0.0044
284.12 0.0035 0.0018 0.0114 0.0035
286.04 0.0033 0.0019 0.0036 0.003
287.96 0.0032 0.0019 -0.0011 0.0027
289.88 0.0034 0.002 -0.0054 0.0025
291.8 0.0046 0.0021 -0.0047 0.0024
293.72 0.0059 0.0022 -0.0016 0.0025
295.64 0.0058 0.0021 -0.0029 0.0022
297.56 0.006 0.002 -0.0061 0.0025
299.48 0.0064 0.0019 -0.0065 0.0024
301.4 0.0059 0.0019 -0.0052 0.0024
303.32 0.0045 0.0017 -0.0056 0.0022
305.24 0.0039 0.0017 -0.0064 0.0021
307.16 0.0036 0.0015 -0.006 0.0022
309.08 0.0036 0.0015 -0.0059 0.002
311.0 0.0024 0.0015 -0.0059 0.002
312.92 0.0013 0.0014 -0.0057 0.0019
314.84 0.0015 0.0014 -0.0049 0.0022
316.76 0.0009 0.0013 -0.0078 0.0022
318.68 0.0008 0.0013 -0.0067 0.002
320.6 0.0012 0.0013 -0.0055 0.002
322.52 0.0001 0.0013 -0.0063 0.002
324.44 -0.001 0.0012 -0.006 0.0019
326.36 -0.0018 0.0012 -0.0044 0.0019
328.28 -0.001 0.0011 -0.0058 0.0018
330.2 -0.0005 0.0012 -0.0039 0.0018
332.12 -0.0007 0.0011 -0.0052 0.0017
334.04 -0.0017 0.0011 -0.0068 0.0016
335.96 -0.002 0.0011 -0.0069 0.0017
337.88 -0.0022 0.001 -0.0076 0.0017
339.8 -0.0021 0.0009 -0.008 0.0018
341.72 -0.0021 0.0009 -0.0081 0.0016
343.64 -0.0018 0.001 -0.0073 0.0017
345.56 -0.0024 0.0009 -0.0064 0.0015
347.48 -0.0026 0.0008 -0.0072 0.0015
349.4 -0.0028 0.0008 -0.0075 0.0016
351.32 -0.0027 0.0009 -0.0071 0.0014
353.24 -0.0031 0.0009 -0.0058 0.0015
355.16 -0.0027 0.0008 -0.0067 0.0014
357.08 -0.0034 0.0009 -0.0073 0.0014
359.0 -0.0036 0.0009 -0.0069 0.0014
360.92 -0.0032 0.0008 -0.007 0.0015
362.84 -0.0031 0.0008 -0.0068 0.0014
364.76 -0.0034 0.0008 -0.007 0.0014
366.68 -0.0029 0.0008 -0.0057 0.0014
368.6 -0.0028 0.0009 -0.0065 0.0014
370.52 -0.0026 0.0008 -0.0061 0.0014
372.44 -0.0027 0.0007 -0.0053 0.0012
374.36 -0.0027 0.0008 -0.0063 0.0014
376.27 -0.0035 0.0008 -0.0072 0.0013
378.19 -0.0034 0.0008 -0.0065 0.0012
380.11 -0.0034 0.0009 -0.0066 0.0013
382.03 -0.0029 0.0008 -0.0066 0.0013